"SiteCode"	"kernel_percentil"	"p"	"S.obs"	"DA"	"N"	"pSAD"	"U"	"theta"	"m"
"BAjuss"	"0.25"	0.859421049020215	182	1198	1198	100	0.01592218	NA	NA
"BAjuss"	"0.5"	0.859421049020215	182	1198	1198	100	0.02705866	NA	NA
"BAjuss"	"0.55"	0.859421049020215	182	1198	1198	100	0.0258233	NA	NA
"BAjuss"	"0.6"	0.859421049020215	182	1198	1198	100	0.0263961	NA	NA
"BAjuss"	"0.65"	0.859421049020215	182	1198	1198	100	0.02581922	NA	NA
"BAjuss"	"0.7"	0.859421049020215	182	1198	1198	99	0.02775694	NA	NA
"BAjuss"	"0.75"	0.859421049020215	182	1198	1198	99	0.02910278	NA	NA
"BAjuss"	"0.8"	0.859421049020215	182	1198	1198	100	0.02938566	NA	NA
"BAjuss"	"0.85"	0.859421049020215	182	1198	1198	100	0.0296357	NA	NA
"BAjuss"	"0.9"	0.859421049020215	182	1198	1198	100	0.03024154	NA	NA
"BAjuss"	"0.95"	0.859421049020215	182	1198	1198	100	0.03069548	NA	NA
"BAjuss"	"0.99"	0.859421049020215	182	1198	1198	100	0.03038556	NA	NA
"BAjuss"	"campo_medio"	0.859421049020215	182	1198	1198	99	NA	64.1143778022213	0.745070110637881
"BAlenc4"	"0.25"	0.159514416903022	61	866.990291262136	893	63	0.0136963	NA	NA
"BAlenc4"	"0.5"	0.159514416903022	61	866.990291262136	893	79	0.01303892	NA	NA
"BAlenc4"	"0.55"	0.159514416903022	61	866.990291262136	893	94	0.0111799	NA	NA
"BAlenc4"	"0.6"	0.159514416903022	61	866.990291262136	893	96	0.01197783	NA	NA
"BAlenc4"	"0.65"	0.159514416903022	61	866.990291262136	893	93	0.01222075	NA	NA
"BAlenc4"	"0.7"	0.159514416903022	61	866.990291262136	893	92	0.01204682	NA	NA
"BAlenc4"	"0.75"	0.159514416903022	61	866.990291262136	893	93	0.01104252	NA	NA
"BAlenc4"	"0.8"	0.159514416903022	61	866.990291262136	893	100	0.008657614	NA	NA
"BAlenc4"	"0.85"	0.159514416903022	61	866.990291262136	893	100	0.008622259	NA	NA
"BAlenc4"	"0.9"	0.159514416903022	61	866.990291262136	893	100	0.008627131	NA	NA
"BAlenc4"	"0.95"	0.159514416903022	61	866.990291262136	893	100	0.008031126	NA	NA
"BAlenc4"	"0.99"	0.159514416903022	61	866.990291262136	893	100	0.008212588	NA	NA
"BAlenc4"	"campo_medio"	0.159514416903022	61	866.990291262136	893	100	NA	20.3981288903081	0.223329335270787
"BAuruc"	"0.25"	0.769444718591026	230	1784	1784	100	0.01919674	NA	NA
"BAuruc"	"0.5"	0.769444718591026	230	1784	1784	99	0.02215624	NA	NA
"BAuruc"	"0.55"	0.769444718591026	230	1784	1784	100	0.02174406	NA	NA
"BAuruc"	"0.6"	0.769444718591026	230	1784	1784	100	0.02434484	NA	NA
"BAuruc"	"0.65"	0.769444718591026	230	1784	1784	98	0.0233147	NA	NA
"BAuruc"	"0.7"	0.769444718591026	230	1784	1784	100	0.02489408	NA	NA
"BAuruc"	"0.75"	0.769444718591026	230	1784	1784	99	0.02395602	NA	NA
"BAuruc"	"0.8"	0.769444718591026	230	1784	1784	99	0.02421173	NA	NA
"BAuruc"	"0.85"	0.769444718591026	230	1784	1784	100	0.02305882	NA	NA
"BAuruc"	"0.9"	0.769444718591026	230	1784	1784	99	0.02305592	NA	NA
"BAuruc"	"0.95"	0.769444718591026	230	1784	1784	99	0.0233634	NA	NA
"BAuruc"	"0.99"	0.769444718591026	230	1784	1784	99	0.01260902	NA	NA
"BAuruc"	"campo_medio"	0.769444718591026	230	1784	1784	100	NA	78.814682349686	0.601851294642071
"ESsoor"	"0.25"	1	226	1468	1468	100	0.02523688	NA	NA
"ESsoor"	"0.5"	1	226	1468	1468	98	0.02723905	NA	NA
"ESsoor"	"0.55"	1	226	1468	1468	100	0.02938896	NA	NA
"ESsoor"	"0.6"	1	226	1468	1468	98	0.02646914	NA	NA
"ESsoor"	"0.65"	1	226	1468	1468	100	0.03020272	NA	NA
"ESsoor"	"0.7"	1	226	1468	1468	100	0.03197059	NA	NA
"ESsoor"	"0.75"	1	226	1468	1468	100	0.03056559	NA	NA
"ESsoor"	"0.8"	1	226	1468	1468	100	0.03120466	NA	NA
"ESsoor"	"0.85"	1	226	1468	1468	99	0.03097963	NA	NA
"ESsoor"	"0.9"	1	226	1468	1468	100	0.03135496	NA	NA
"ESsoor"	"0.95"	1	226	1468	1468	99	0.03160253	NA	NA
"ESsoor"	"0.99"	1	226	1468	1468	100	0.01710153	NA	NA
"ESsoor"	"campo_medio"	1	226	1468	1468	100	NA	85.0218099152355	0.596439449804322
"MGarap1"	"0.25"	0.728749442631224	92	2080	2080	66	0.003375713	NA	NA
"MGarap1"	"0.5"	0.728749442631224	92	2080	2080	53	0.004105701	NA	NA
"MGarap1"	"0.55"	0.728749442631224	92	2080	2080	55	0.004588384	NA	NA
"MGarap1"	"0.6"	0.728749442631224	92	2080	2080	47	0.004276538	NA	NA
"MGarap1"	"0.65"	0.728749442631224	92	2080	2080	45	0.004297878	NA	NA
"MGarap1"	"0.7"	0.728749442631224	92	2080	2080	38	0.004126534	NA	NA
"MGarap1"	"0.75"	0.728749442631224	92	2080	2080	44	0.00404552	NA	NA
"MGarap1"	"0.8"	0.728749442631224	92	2080	2080	49	0.004178105	NA	NA
"MGarap1"	"0.85"	0.728749442631224	92	2080	2080	53	0.004495772	NA	NA
"MGarap1"	"0.9"	0.728749442631224	92	2080	2080	43	0.004281329	NA	NA
"MGarap1"	"0.95"	0.728749442631224	92	2080	2080	45	0.004083694	NA	NA
"MGarap1"	"0.99"	0.728749442631224	92	2080	2080	59	0.0023688	NA	NA
"MGarap1"	"campo_medio"	0.728749442631224	92	2080	2080	90	NA	19.70100113156	0.9999
"MGperd1"	"0.25"	0.806018045548929	127	2470.83333333333	2965	99	0.003849147	NA	NA
"MGperd1"	"0.5"	0.806018045548929	127	2470.83333333333	2965	100	0.004353996	NA	NA
"MGperd1"	"0.55"	0.806018045548929	127	2470.83333333333	2965	100	0.004568088	NA	NA
"MGperd1"	"0.6"	0.806018045548929	127	2470.83333333333	2965	100	0.004430136	NA	NA
"MGperd1"	"0.65"	0.806018045548929	127	2470.83333333333	2965	100	0.004245395	NA	NA
"MGperd1"	"0.7"	0.806018045548929	127	2470.83333333333	2965	100	0.004571628	NA	NA
"MGperd1"	"0.75"	0.806018045548929	127	2470.83333333333	2965	100	0.004475731	NA	NA
"MGperd1"	"0.8"	0.806018045548929	127	2470.83333333333	2965	100	0.0044538	NA	NA
"MGperd1"	"0.85"	0.806018045548929	127	2470.83333333333	2965	100	0.00455805	NA	NA
"MGperd1"	"0.9"	0.806018045548929	127	2470.83333333333	2965	100	0.004572111	NA	NA
"MGperd1"	"0.95"	0.806018045548929	127	2470.83333333333	2965	100	0.004576079	NA	NA
"MGperd1"	"0.99"	0.806018045548929	127	2470.83333333333	2965	100	0.00240896	NA	NA
"MGperd1"	"campo_medio"	0.806018045548929	127	2470.83333333333	2965	100	NA	33.2296026780017	0.284219485584503
"MGuberl1"	"0.25"	0.234288719011765	87	1253.63636363636	1379	61	0.01521829	NA	NA
"MGuberl1"	"0.5"	0.234288719011765	87	1253.63636363636	1379	94	0.01306742	NA	NA
"MGuberl1"	"0.55"	0.234288719011765	87	1253.63636363636	1379	94	0.01334392	NA	NA
"MGuberl1"	"0.6"	0.234288719011765	87	1253.63636363636	1379	93	0.01273444	NA	NA
"MGuberl1"	"0.65"	0.234288719011765	87	1253.63636363636	1379	96	0.01239248	NA	NA
"MGuberl1"	"0.7"	0.234288719011765	87	1253.63636363636	1379	99	0.008678674	NA	NA
"MGuberl1"	"0.75"	0.234288719011765	87	1253.63636363636	1379	100	0.009257418	NA	NA
"MGuberl1"	"0.8"	0.234288719011765	87	1253.63636363636	1379	100	0.00920161	NA	NA
"MGuberl1"	"0.85"	0.234288719011765	87	1253.63636363636	1379	100	0.009099906	NA	NA
"MGuberl1"	"0.9"	0.234288719011765	87	1253.63636363636	1379	100	0.009086849	NA	NA
"MGuberl1"	"0.95"	0.234288719011765	87	1253.63636363636	1379	100	0.008872836	NA	NA
"MGuberl1"	"0.99"	0.234288719011765	87	1253.63636363636	1379	100	0.008640807	NA	NA
"MGuberl1"	"campo_medio"	0.234288719011765	87	1253.63636363636	1379	100	NA	21.492833664646	0.773614133023293
"MGuberl3"	"0.25"	0.0180417237953712	85	975	975	85	0.01624546	NA	NA
"MGuberl3"	"0.5"	0.0180417237953712	85	975	975	100	0.01356322	NA	NA
"MGuberl3"	"0.55"	0.0180417237953712	85	975	975	100	0.01348462	NA	NA
"MGuberl3"	"0.6"	0.0180417237953712	85	975	975	100	0.0135255	NA	NA
"MGuberl3"	"0.65"	0.0180417237953712	85	975	975	99	0.0133261	NA	NA
"MGuberl3"	"0.7"	0.0180417237953712	85	975	975	100	0.013141	NA	NA
"MGuberl3"	"0.75"	0.0180417237953712	85	975	975	100	0.01109062	NA	NA
"MGuberl3"	"0.8"	0.0180417237953712	85	975	975	100	0.0113427	NA	NA
"MGuberl3"	"0.85"	0.0180417237953712	85	975	975	100	0.01096139	NA	NA
"MGuberl3"	"0.9"	0.0180417237953712	85	975	975	100	0.01125482	NA	NA
"MGuberl3"	"0.95"	0.0180417237953712	85	975	975	100	0.01135866	NA	NA
"MGuberl3"	"0.99"	0.0180417237953712	85	975	975	100	0.01139896	NA	NA
"MGuberl3"	"campo_medio"	0.0180417237953712	85	975	975	100	NA	23.0580685290194	0.848581854086701
"MGuberl5"	"0.25"	0.00742437918995731	68	957	957	24	0.01704838	NA	NA
"MGuberl5"	"0.5"	0.00742437918995731	68	957	957	77	0.01445168	NA	NA
"MGuberl5"	"0.55"	0.00742437918995731	68	957	957	79	0.01421741	NA	NA
"MGuberl5"	"0.6"	0.00742437918995731	68	957	957	81	0.01415868	NA	NA
"MGuberl5"	"0.65"	0.00742437918995731	68	957	957	73	0.01525761	NA	NA
"MGuberl5"	"0.7"	0.00742437918995731	68	957	957	79	0.0137903	NA	NA
"MGuberl5"	"0.75"	0.00742437918995731	68	957	957	99	0.01147063	NA	NA
"MGuberl5"	"0.8"	0.00742437918995731	68	957	957	99	0.01142943	NA	NA
"MGuberl5"	"0.85"	0.00742437918995731	68	957	957	97	0.010674457	NA	NA
"MGuberl5"	"0.9"	0.00742437918995731	68	957	957	99	0.01126317	NA	NA
"MGuberl5"	"0.95"	0.00742437918995731	68	957	957	98	0.01145925	NA	NA
"MGuberl5"	"0.99"	0.00742437918995731	68	957	957	100	0.01105966	NA	NA
"MGuberl5"	"campo_medio"	0.00742437918995731	68	957	957	100	NA	24.598652995545	0.184550482944683
"MGuberl7"	"0.25"	0.0485476800383076	73	945	945	82	0.01945092	NA	NA
"MGuberl7"	"0.5"	0.0485476800383076	73	945	945	100	0.01572736	NA	NA
"MGuberl7"	"0.55"	0.0485476800383076	73	945	945	100	0.01531494	NA	NA
"MGuberl7"	"0.6"	0.0485476800383076	73	945	945	100	0.01527667	NA	NA
"MGuberl7"	"0.65"	0.0485476800383076	73	945	945	100	0.0159016	NA	NA
"MGuberl7"	"0.7"	0.0485476800383076	73	945	945	100	0.01537276	NA	NA
"MGuberl7"	"0.75"	0.0485476800383076	73	945	945	100	0.01163395	NA	NA
"MGuberl7"	"0.8"	0.0485476800383076	73	945	945	99	0.01233971	NA	NA
"MGuberl7"	"0.85"	0.0485476800383076	73	945	945	95	0.01224789	NA	NA
"MGuberl7"	"0.9"	0.0485476800383076	73	945	945	99	0.0119025	NA	NA
"MGuberl7"	"0.95"	0.0485476800383076	73	945	945	97	0.01202579	NA	NA
"MGuberl7"	"0.99"	0.0485476800383076	73	945	945	96	0.01165147	NA	NA
"MGuberl7"	"campo_medio"	0.0485476800383076	73	945	945	100	NA	18.4974798389437	0.987264460996803
"MGvico1"	"0.25"	0.23259121186371	93	1825	1825	100	0.01308115	NA	NA
"MGvico1"	"0.5"	0.23259121186371	93	1825	1825	100	0.0111099	NA	NA
"MGvico1"	"0.55"	0.23259121186371	93	1825	1825	99	0.01116555	NA	NA
"MGvico1"	"0.6"	0.23259121186371	93	1825	1825	37	0.007008602	NA	NA
"MGvico1"	"0.65"	0.23259121186371	93	1825	1825	28	0.006851549	NA	NA
"MGvico1"	"0.7"	0.23259121186371	93	1825	1825	30	0.006496162	NA	NA
"MGvico1"	"0.75"	0.23259121186371	93	1825	1825	28	0.006617988	NA	NA
"MGvico1"	"0.8"	0.23259121186371	93	1825	1825	41	0.006703771	NA	NA
"MGvico1"	"0.85"	0.23259121186371	93	1825	1825	30	0.006764196	NA	NA
"MGvico1"	"0.9"	0.23259121186371	93	1825	1825	36	0.007099394	NA	NA
"MGvico1"	"0.95"	0.23259121186371	93	1825	1825	32	0.006937794	NA	NA
"MGvico1"	"0.99"	0.23259121186371	93	1825	1825	18	0.0027627	NA	NA
"MGvico1"	"campo_medio"	0.23259121186371	93	1825	1825	61	NA	20.6937247540414	0.9999
"MGvico16"	"0.25"	0.21847289239375	91	1653	1653	100	0.008790076	NA	NA
"MGvico16"	"0.5"	0.21847289239375	91	1653	1653	99	0.008357364	NA	NA
"MGvico16"	"0.55"	0.21847289239375	91	1653	1653	99	0.00797962	NA	NA
"MGvico16"	"0.6"	0.21847289239375	91	1653	1653	99	0.007907391	NA	NA
"MGvico16"	"0.65"	0.21847289239375	91	1653	1653	62	0.006209914	NA	NA
"MGvico16"	"0.7"	0.21847289239375	91	1653	1653	54	0.006143932	NA	NA
"MGvico16"	"0.75"	0.21847289239375	91	1653	1653	60	0.005861503	NA	NA
"MGvico16"	"0.8"	0.21847289239375	91	1653	1653	50	0.005588524	NA	NA
"MGvico16"	"0.85"	0.21847289239375	91	1653	1653	51	0.005552716	NA	NA
"MGvico16"	"0.9"	0.21847289239375	91	1653	1653	51	0.005976762	NA	NA
"MGvico16"	"0.95"	0.21847289239375	91	1653	1653	63	0.00596729	NA	NA
"MGvico16"	"0.99"	0.21847289239375	91	1653	1653	96	0.00439009	NA	NA
"MGvico16"	"campo_medio"	0.21847289239375	91	1653	1653	88	NA	20.7095060126884	0.9999
"MGvico8"	"0.25"	0.313668812302999	195	2303	2303	100	0.01352264	NA	NA
"MGvico8"	"0.5"	0.313668812302999	195	2303	2303	96	0.0131298	NA	NA
"MGvico8"	"0.55"	0.313668812302999	195	2303	2303	84	0.0135813	NA	NA
"MGvico8"	"0.6"	0.313668812302999	195	2303	2303	87	0.01337729	NA	NA
"MGvico8"	"0.65"	0.313668812302999	195	2303	2303	90	0.01396009	NA	NA
"MGvico8"	"0.7"	0.313668812302999	195	2303	2303	90	0.01359989	NA	NA
"MGvico8"	"0.75"	0.313668812302999	195	2303	2303	87	0.01369529	NA	NA
"MGvico8"	"0.8"	0.313668812302999	195	2303	2303	85	0.01359712	NA	NA
"MGvico8"	"0.85"	0.313668812302999	195	2303	2303	78	0.01315736	NA	NA
"MGvico8"	"0.9"	0.313668812302999	195	2303	2303	86	0.01368038	NA	NA
"MGvico8"	"0.95"	0.313668812302999	195	2303	2303	86	0.01370478	NA	NA
"MGvico8"	"0.99"	0.313668812302999	195	2303	2303	100	0.01054827	NA	NA
"MGvico8"	"campo_medio"	0.313668812302999	195	2303	2303	98	NA	51.859655088041	0.874339246005191
"MSdour"	"0.25"	0.116734787274334	74	1016	1016	92	0.007262443	NA	NA
"MSdour"	"0.5"	0.116734787274334	74	1016	1016	100	0.007495516	NA	NA
"MSdour"	"0.55"	0.116734787274334	74	1016	1016	100	0.007078159	NA	NA
"MSdour"	"0.6"	0.116734787274334	74	1016	1016	98	0.007318171	NA	NA
"MSdour"	"0.65"	0.116734787274334	74	1016	1016	100	0.007784726	NA	NA
"MSdour"	"0.7"	0.116734787274334	74	1016	1016	100	0.007696668	NA	NA
"MSdour"	"0.75"	0.116734787274334	74	1016	1016	100	0.007689732	NA	NA
"MSdour"	"0.8"	0.116734787274334	74	1016	1016	100	0.007511956	NA	NA
"MSdour"	"0.85"	0.116734787274334	74	1016	1016	99	0.007539615	NA	NA
"MSdour"	"0.9"	0.116734787274334	74	1016	1016	100	0.007942902	NA	NA
"MSdour"	"0.95"	0.116734787274334	74	1016	1016	99	0.007765301	NA	NA
"MSdour"	"0.99"	0.116734787274334	74	1016	1016	100	0.007413074	NA	NA
"MSdour"	"campo_medio"	0.116734787274334	74	1016	1016	99	NA	21.8342675542867	0.403553664844142
"PEalia"	"0.25"	0.114091406447269	60	595	595	90	0.01679096	NA	NA
"PEalia"	"0.5"	0.114091406447269	60	595	595	97	0.01799061	NA	NA
"PEalia"	"0.55"	0.114091406447269	60	595	595	98	0.01804492	NA	NA
"PEalia"	"0.6"	0.114091406447269	60	595	595	97	0.01776533	NA	NA
"PEalia"	"0.65"	0.114091406447269	60	595	595	100	0.01459772	NA	NA
"PEalia"	"0.7"	0.114091406447269	60	595	595	100	0.01464105	NA	NA
"PEalia"	"0.75"	0.114091406447269	60	595	595	100	0.01585013	NA	NA
"PEalia"	"0.8"	0.114091406447269	60	595	595	100	0.01608925	NA	NA
"PEalia"	"0.85"	0.114091406447269	60	595	595	100	0.01332542	NA	NA
"PEalia"	"0.9"	0.114091406447269	60	595	595	100	0.0131603	NA	NA
"PEalia"	"0.95"	0.114091406447269	60	595	595	100	0.01293331	NA	NA
"PEalia"	"0.99"	0.114091406447269	60	595	595	100	0.01312454	NA	NA
"PEalia"	"campo_medio"	0.114091406447269	60	595	595	100	NA	19.0509233369462	0.525783855779384
"PEmata2"	"0.25"	0.21628955738904	75	1076	1076	100	0.009127734	NA	NA
"PEmata2"	"0.5"	0.21628955738904	75	1076	1076	94	0.008219256	NA	NA
"PEmata2"	"0.55"	0.21628955738904	75	1076	1076	95	0.008481998	NA	NA
"PEmata2"	"0.6"	0.21628955738904	75	1076	1076	95	0.008507147	NA	NA
"PEmata2"	"0.65"	0.21628955738904	75	1076	1076	98	0.008498407	NA	NA
"PEmata2"	"0.7"	0.21628955738904	75	1076	1076	98	0.008174298	NA	NA
"PEmata2"	"0.75"	0.21628955738904	75	1076	1076	80	0.007202114	NA	NA
"PEmata2"	"0.8"	0.21628955738904	75	1076	1076	78	0.00711971	NA	NA
"PEmata2"	"0.85"	0.21628955738904	75	1076	1076	74	0.00667446	NA	NA
"PEmata2"	"0.9"	0.21628955738904	75	1076	1076	78	0.007203475	NA	NA
"PEmata2"	"0.95"	0.21628955738904	75	1076	1076	72	0.007069247	NA	NA
"PEmata2"	"0.99"	0.21628955738904	75	1076	1076	85	0.007251995	NA	NA
"PEmata2"	"campo_medio"	0.21628955738904	75	1076	1076	96	NA	18.3388235218076	0.9999
"PEsvfer"	"0.25"	0.636673590338369	91	1288	1288	66	0.008663558	NA	NA
"PEsvfer"	"0.5"	0.636673590338369	91	1288	1288	100	0.008133692	NA	NA
"PEsvfer"	"0.55"	0.636673590338369	91	1288	1288	100	0.00829563	NA	NA
"PEsvfer"	"0.6"	0.636673590338369	91	1288	1288	100	0.007902782	NA	NA
"PEsvfer"	"0.65"	0.636673590338369	91	1288	1288	99	0.007660924	NA	NA
"PEsvfer"	"0.7"	0.636673590338369	91	1288	1288	100	0.00786774	NA	NA
"PEsvfer"	"0.75"	0.636673590338369	91	1288	1288	100	0.007693188	NA	NA
"PEsvfer"	"0.8"	0.636673590338369	91	1288	1288	100	0.007601071	NA	NA
"PEsvfer"	"0.85"	0.636673590338369	91	1288	1288	100	0.007381095	NA	NA
"PEsvfer"	"0.9"	0.636673590338369	91	1288	1288	100	0.008002487	NA	NA
"PEsvfer"	"0.95"	0.636673590338369	91	1288	1288	100	0.007708854	NA	NA
"PEsvfer"	"0.99"	0.636673590338369	91	1288	1288	100	0.007634016	NA	NA
"PEsvfer"	"campo_medio"	0.636673590338369	91	1288	1288	99	NA	31.044934838886	0.213671424149181
"PRanto10"	"0.25"	0.923024383580357	132	1877	1877	40	0.006134134	NA	NA
"PRanto10"	"0.5"	0.923024383580357	132	1877	1877	42	0.008012732	NA	NA
"PRanto10"	"0.55"	0.923024383580357	132	1877	1877	42	0.008316274	NA	NA
"PRanto10"	"0.6"	0.923024383580357	132	1877	1877	24	0.008873388	NA	NA
"PRanto10"	"0.65"	0.923024383580357	132	1877	1877	27	0.009167942	NA	NA
"PRanto10"	"0.7"	0.923024383580357	132	1877	1877	30	0.009296236	NA	NA
"PRanto10"	"0.75"	0.923024383580357	132	1877	1877	27	0.00881231	NA	NA
"PRanto10"	"0.8"	0.923024383580357	132	1877	1877	27	0.008996096	NA	NA
"PRanto10"	"0.85"	0.923024383580357	132	1877	1877	31	0.00861658	NA	NA
"PRanto10"	"0.9"	0.923024383580357	132	1877	1877	32	0.00900122	NA	NA
"PRanto10"	"0.95"	0.923024383580357	132	1877	1877	32	0.008967167	NA	NA
"PRanto10"	"0.99"	0.923024383580357	132	1877	1877	26	0.004817102	NA	NA
"PRanto10"	"campo_medio"	0.923024383580357	132	1877	1877	82	NA	32.3529353014109	0.9999
"PRanto11"	"0.25"	0.921209867560648	99	1740	1740	92	0.004196014	NA	NA
"PRanto11"	"0.5"	0.921209867560648	99	1740	1740	88	0.004740438	NA	NA
"PRanto11"	"0.55"	0.921209867560648	99	1740	1740	93	0.004821214	NA	NA
"PRanto11"	"0.6"	0.921209867560648	99	1740	1740	89	0.006197099	NA	NA
"PRanto11"	"0.65"	0.921209867560648	99	1740	1740	91	0.00642024	NA	NA
"PRanto11"	"0.7"	0.921209867560648	99	1740	1740	88	0.005952349	NA	NA
"PRanto11"	"0.75"	0.921209867560648	99	1740	1740	89	0.005757946	NA	NA
"PRanto11"	"0.8"	0.921209867560648	99	1740	1740	94	0.00610032	NA	NA
"PRanto11"	"0.85"	0.921209867560648	99	1740	1740	92	0.006117506	NA	NA
"PRanto11"	"0.9"	0.921209867560648	99	1740	1740	93	0.006085394	NA	NA
"PRanto11"	"0.95"	0.921209867560648	99	1740	1740	93	0.006101544	NA	NA
"PRanto11"	"0.99"	0.921209867560648	99	1740	1740	95	0.003669509	NA	NA
"PRanto11"	"campo_medio"	0.921209867560648	99	1740	1740	100	NA	22.755425951979	0.9999
"PRanto12"	"0.25"	0.974966068885724	143	1439	1439	100	0.01088326	NA	NA
"PRanto12"	"0.5"	0.974966068885724	143	1439	1439	100	0.0144485	NA	NA
"PRanto12"	"0.55"	0.974966068885724	143	1439	1439	100	0.01340757	NA	NA
"PRanto12"	"0.6"	0.974966068885724	143	1439	1439	100	0.01323443	NA	NA
"PRanto12"	"0.65"	0.974966068885724	143	1439	1439	99	0.01388254	NA	NA
"PRanto12"	"0.7"	0.974966068885724	143	1439	1439	100	0.014708	NA	NA
"PRanto12"	"0.75"	0.974966068885724	143	1439	1439	100	0.01484459	NA	NA
"PRanto12"	"0.8"	0.974966068885724	143	1439	1439	100	0.01525165	NA	NA
"PRanto12"	"0.85"	0.974966068885724	143	1439	1439	100	0.01502258	NA	NA
"PRanto12"	"0.9"	0.974966068885724	143	1439	1439	100	0.0148245	NA	NA
"PRanto12"	"0.95"	0.974966068885724	143	1439	1439	100	0.01486763	NA	NA
"PRanto12"	"0.99"	0.974966068885724	143	1439	1439	100	0.007876684	NA	NA
"PRanto12"	"campo_medio"	0.974966068885724	143	1439	1439	100	NA	43.3942696443976	0.6247315181957
"PRanto13"	"0.25"	0.968871050376109	127	1673	1673	100	0.00764866	NA	NA
"PRanto13"	"0.5"	0.968871050376109	127	1673	1673	100	0.008726958	NA	NA
"PRanto13"	"0.55"	0.968871050376109	127	1673	1673	100	0.008950944	NA	NA
"PRanto13"	"0.6"	0.968871050376109	127	1673	1673	100	0.009975812	NA	NA
"PRanto13"	"0.65"	0.968871050376109	127	1673	1673	100	0.01026216	NA	NA
"PRanto13"	"0.7"	0.968871050376109	127	1673	1673	99	0.01003788	NA	NA
"PRanto13"	"0.75"	0.968871050376109	127	1673	1673	100	0.009689195	NA	NA
"PRanto13"	"0.8"	0.968871050376109	127	1673	1673	97	0.009834322	NA	NA
"PRanto13"	"0.85"	0.968871050376109	127	1673	1673	100	0.009664668	NA	NA
"PRanto13"	"0.9"	0.968871050376109	127	1673	1673	99	0.009709532	NA	NA
"PRanto13"	"0.95"	0.968871050376109	127	1673	1673	100	0.009725661	NA	NA
"PRanto13"	"0.99"	0.968871050376109	127	1673	1673	100	0.004797642	NA	NA
"PRanto13"	"campo_medio"	0.968871050376109	127	1673	1673	100	NA	33.4566861875354	0.760202359098148
"PRanto15"	"0.25"	0.942009596537872	140	1650	1650	100	0.0086422	NA	NA
"PRanto15"	"0.5"	0.942009596537872	140	1650	1650	100	0.010651554	NA	NA
"PRanto15"	"0.55"	0.942009596537872	140	1650	1650	100	0.010278014	NA	NA
"PRanto15"	"0.6"	0.942009596537872	140	1650	1650	100	0.0111397	NA	NA
"PRanto15"	"0.65"	0.942009596537872	140	1650	1650	100	0.01132824	NA	NA
"PRanto15"	"0.7"	0.942009596537872	140	1650	1650	100	0.01239154	NA	NA
"PRanto15"	"0.75"	0.942009596537872	140	1650	1650	100	0.01148838	NA	NA
"PRanto15"	"0.8"	0.942009596537872	140	1650	1650	100	0.01097718	NA	NA
"PRanto15"	"0.85"	0.942009596537872	140	1650	1650	100	0.01205221	NA	NA
"PRanto15"	"0.9"	0.942009596537872	140	1650	1650	100	0.01124987	NA	NA
"PRanto15"	"0.95"	0.942009596537872	140	1650	1650	100	0.01122012	NA	NA
"PRanto15"	"0.99"	0.942009596537872	140	1650	1650	100	0.006237899	NA	NA
"PRanto15"	"campo_medio"	0.942009596537872	140	1650	1650	100	NA	42.4511485939437	0.469566333685894
"PRanto4"	"0.25"	0.9079979592893	119	1896	1896	100	0.006555708	NA	NA
"PRanto4"	"0.5"	0.9079979592893	119	1896	1896	100	0.006510852	NA	NA
"PRanto4"	"0.55"	0.9079979592893	119	1896	1896	100	0.006602104	NA	NA
"PRanto4"	"0.6"	0.9079979592893	119	1896	1896	100	0.007556861	NA	NA
"PRanto4"	"0.65"	0.9079979592893	119	1896	1896	100	0.007173827	NA	NA
"PRanto4"	"0.7"	0.9079979592893	119	1896	1896	100	0.007090239	NA	NA
"PRanto4"	"0.75"	0.9079979592893	119	1896	1896	100	0.007218883	NA	NA
"PRanto4"	"0.8"	0.9079979592893	119	1896	1896	100	0.007262825	NA	NA
"PRanto4"	"0.85"	0.9079979592893	119	1896	1896	100	0.007376885	NA	NA
"PRanto4"	"0.9"	0.9079979592893	119	1896	1896	100	0.007445128	NA	NA
"PRanto4"	"0.95"	0.9079979592893	119	1896	1896	100	0.007481737	NA	NA
"PRanto4"	"0.99"	0.9079979592893	119	1896	1896	100	0.003787662	NA	NA
"PRanto4"	"campo_medio"	0.9079979592893	119	1896	1896	100	NA	35.2911516991292	0.307475622411269
"PRanto5"	"0.25"	0.896644888231427	124	1753	1753	97	0.007318739	NA	NA
"PRanto5"	"0.5"	0.896644888231427	124	1753	1753	91	0.007623526	NA	NA
"PRanto5"	"0.55"	0.896644888231427	124	1753	1753	98	0.007999216	NA	NA
"PRanto5"	"0.6"	0.896644888231427	124	1753	1753	91	0.00879178	NA	NA
"PRanto5"	"0.65"	0.896644888231427	124	1753	1753	95	0.009124064	NA	NA
"PRanto5"	"0.7"	0.896644888231427	124	1753	1753	91	0.008613605	NA	NA
"PRanto5"	"0.75"	0.896644888231427	124	1753	1753	96	0.008871841	NA	NA
"PRanto5"	"0.8"	0.896644888231427	124	1753	1753	97	0.008410295	NA	NA
"PRanto5"	"0.85"	0.896644888231427	124	1753	1753	94	0.009140907	NA	NA
"PRanto5"	"0.9"	0.896644888231427	124	1753	1753	95	0.008674592	NA	NA
"PRanto5"	"0.95"	0.896644888231427	124	1753	1753	96	0.008972074	NA	NA
"PRanto5"	"0.99"	0.896644888231427	124	1753	1753	96	0.004511666	NA	NA
"PRanto5"	"campo_medio"	0.896644888231427	124	1753	1753	99	NA	32.1739106893626	0.72310712361083
"PRanto6"	"0.25"	0.906465210449369	128	1665	1665	100	0.008280206	NA	NA
"PRanto6"	"0.5"	0.906465210449369	128	1665	1665	100	0.009230134	NA	NA
"PRanto6"	"0.55"	0.906465210449369	128	1665	1665	99	0.008628936	NA	NA
"PRanto6"	"0.6"	0.906465210449369	128	1665	1665	100	0.0090062	NA	NA
"PRanto6"	"0.65"	0.906465210449369	128	1665	1665	99	0.009659335	NA	NA
"PRanto6"	"0.7"	0.906465210449369	128	1665	1665	100	0.0101996	NA	NA
"PRanto6"	"0.75"	0.906465210449369	128	1665	1665	98	0.010509936	NA	NA
"PRanto6"	"0.8"	0.906465210449369	128	1665	1665	99	0.01041135	NA	NA
"PRanto6"	"0.85"	0.906465210449369	128	1665	1665	99	0.0105022	NA	NA
"PRanto6"	"0.9"	0.906465210449369	128	1665	1665	99	0.009813867	NA	NA
"PRanto6"	"0.95"	0.906465210449369	128	1665	1665	99	0.009788873	NA	NA
"PRanto6"	"0.99"	0.906465210449369	128	1665	1665	99	0.005486428	NA	NA
"PRanto6"	"campo_medio"	0.906465210449369	128	1665	1665	99	NA	32.3101856719821	0.9999
"PRanto8"	"0.25"	0.955077166221669	134	1504	1504	100	0.008889574	NA	NA
"PRanto8"	"0.5"	0.955077166221669	134	1504	1504	100	0.0108623	NA	NA
"PRanto8"	"0.55"	0.955077166221669	134	1504	1504	100	0.01020518	NA	NA
"PRanto8"	"0.6"	0.955077166221669	134	1504	1504	100	0.01125727	NA	NA
"PRanto8"	"0.65"	0.955077166221669	134	1504	1504	99	0.01184466	NA	NA
"PRanto8"	"0.7"	0.955077166221669	134	1504	1504	100	0.01194691	NA	NA
"PRanto8"	"0.75"	0.955077166221669	134	1504	1504	100	0.01261646	NA	NA
"PRanto8"	"0.8"	0.955077166221669	134	1504	1504	100	0.01336534	NA	NA
"PRanto8"	"0.85"	0.955077166221669	134	1504	1504	100	0.01253063	NA	NA
"PRanto8"	"0.9"	0.955077166221669	134	1504	1504	100	0.01211876	NA	NA
"PRanto8"	"0.95"	0.955077166221669	134	1504	1504	100	0.01270611	NA	NA
"PRanto8"	"0.99"	0.955077166221669	134	1504	1504	100	0.006607091	NA	NA
"PRanto8"	"campo_medio"	0.955077166221669	134	1504	1504	100	NA	42.9703698608689	0.397575255426339
"PRanto9"	"0.25"	0.928261175571598	134	1594	1594	31	0.008322057	NA	NA
"PRanto9"	"0.5"	0.928261175571598	134	1594	1594	38	0.01012305	NA	NA
"PRanto9"	"0.55"	0.928261175571598	134	1594	1594	36	0.009645973	NA	NA
"PRanto9"	"0.6"	0.928261175571598	134	1594	1594	31	0.009377515	NA	NA
"PRanto9"	"0.65"	0.928261175571598	134	1594	1594	36	0.0121813	NA	NA
"PRanto9"	"0.7"	0.928261175571598	134	1594	1594	24	0.01138165	NA	NA
"PRanto9"	"0.75"	0.928261175571598	134	1594	1594	29	0.01162824	NA	NA
"PRanto9"	"0.8"	0.928261175571598	134	1594	1594	28	0.01181673	NA	NA
"PRanto9"	"0.85"	0.928261175571598	134	1594	1594	31	0.01176501	NA	NA
"PRanto9"	"0.9"	0.928261175571598	134	1594	1594	32	0.01195779	NA	NA
"PRanto9"	"0.95"	0.928261175571598	134	1594	1594	28	0.01197987	NA	NA
"PRanto9"	"0.99"	0.928261175571598	134	1594	1594	30	0.005862291	NA	NA
"PRanto9"	"campo_medio"	0.928261175571598	134	1594	1594	76	NA	34.7912791659204	0.998284149049715
"PRdiam2"	"0.25"	0.448393813206425	84	1091.42857142857	1146	100	0.0054746	NA	NA
"PRdiam2"	"0.5"	0.448393813206425	84	1091.42857142857	1146	100	0.007258445	NA	NA
"PRdiam2"	"0.55"	0.448393813206425	84	1091.42857142857	1146	100	0.00715087	NA	NA
"PRdiam2"	"0.6"	0.448393813206425	84	1091.42857142857	1146	100	0.006949991	NA	NA
"PRdiam2"	"0.65"	0.448393813206425	84	1091.42857142857	1146	100	0.006385491	NA	NA
"PRdiam2"	"0.7"	0.448393813206425	84	1091.42857142857	1146	100	0.00647753	NA	NA
"PRdiam2"	"0.75"	0.448393813206425	84	1091.42857142857	1146	100	0.008372934	NA	NA
"PRdiam2"	"0.8"	0.448393813206425	84	1091.42857142857	1146	100	0.007872598	NA	NA
"PRdiam2"	"0.85"	0.448393813206425	84	1091.42857142857	1146	100	0.00784157	NA	NA
"PRdiam2"	"0.9"	0.448393813206425	84	1091.42857142857	1146	100	0.008134607	NA	NA
"PRdiam2"	"0.95"	0.448393813206425	84	1091.42857142857	1146	100	0.008095004	NA	NA
"PRdiam2"	"0.99"	0.448393813206425	84	1091.42857142857	1146	100	0.008225905	NA	NA
"PRdiam2"	"campo_medio"	0.448393813206425	84	1091.42857142857	1146	99	NA	23.552943363916	0.518835360052333
"PRdiam3"	"0.25"	0.328788995096578	74	1040.74074074074	1124	100	0.006272247	NA	NA
"PRdiam3"	"0.5"	0.328788995096578	74	1040.74074074074	1124	100	0.006252054	NA	NA
"PRdiam3"	"0.55"	0.328788995096578	74	1040.74074074074	1124	100	0.005740401	NA	NA
"PRdiam3"	"0.6"	0.328788995096578	74	1040.74074074074	1124	98	0.006288655	NA	NA
"PRdiam3"	"0.65"	0.328788995096578	74	1040.74074074074	1124	99	0.005688412	NA	NA
"PRdiam3"	"0.7"	0.328788995096578	74	1040.74074074074	1124	100	0.005919996	NA	NA
"PRdiam3"	"0.75"	0.328788995096578	74	1040.74074074074	1124	96	0.006523453	NA	NA
"PRdiam3"	"0.8"	0.328788995096578	74	1040.74074074074	1124	98	0.006660578	NA	NA
"PRdiam3"	"0.85"	0.328788995096578	74	1040.74074074074	1124	99	0.006801004	NA	NA
"PRdiam3"	"0.9"	0.328788995096578	74	1040.74074074074	1124	98	0.006572153	NA	NA
"PRdiam3"	"0.95"	0.328788995096578	74	1040.74074074074	1124	99	0.006511368	NA	NA
"PRdiam3"	"0.99"	0.328788995096578	74	1040.74074074074	1124	97	0.006500528	NA	NA
"PRdiam3"	"campo_medio"	0.328788995096578	74	1040.74074074074	1124	100	NA	17.8942524188093	0.957534281356936
"PRrico1"	"0.25"	0.189679150380924	64	1018	1018	98	0.009357154	NA	NA
"PRrico1"	"0.5"	0.189679150380924	64	1018	1018	84	0.009260774	NA	NA
"PRrico1"	"0.55"	0.189679150380924	64	1018	1018	90	0.00927923	NA	NA
"PRrico1"	"0.6"	0.189679150380924	64	1018	1018	94	0.009007652	NA	NA
"PRrico1"	"0.65"	0.189679150380924	64	1018	1018	93	0.009425454	NA	NA
"PRrico1"	"0.7"	0.189679150380924	64	1018	1018	89	0.00940207	NA	NA
"PRrico1"	"0.75"	0.189679150380924	64	1018	1018	56	0.008267952	NA	NA
"PRrico1"	"0.8"	0.189679150380924	64	1018	1018	69	0.007867778	NA	NA
"PRrico1"	"0.85"	0.189679150380924	64	1018	1018	64	0.007724182	NA	NA
"PRrico1"	"0.9"	0.189679150380924	64	1018	1018	66	0.008120383	NA	NA
"PRrico1"	"0.95"	0.189679150380924	64	1018	1018	72	0.008246153	NA	NA
"PRrico1"	"0.99"	0.189679150380924	64	1018	1018	68	0.008177417	NA	NA
"PRrico1"	"campo_medio"	0.189679150380924	64	1018	1018	86	NA	15.4040385901778	0.88940557136196
"PRrico2"	"0.25"	0.226305520677815	34	961	961	80	0.006271064	NA	NA
"PRrico2"	"0.5"	0.226305520677815	34	961	961	94	0.004880268	NA	NA
"PRrico2"	"0.55"	0.226305520677815	34	961	961	97	0.004879354	NA	NA
"PRrico2"	"0.6"	0.226305520677815	34	961	961	92	0.00489607	NA	NA
"PRrico2"	"0.65"	0.226305520677815	34	961	961	97	0.005311772	NA	NA
"PRrico2"	"0.7"	0.226305520677815	34	961	961	93	0.005491818	NA	NA
"PRrico2"	"0.75"	0.226305520677815	34	961	961	100	0.002676936	NA	NA
"PRrico2"	"0.8"	0.226305520677815	34	961	961	100	0.002693002	NA	NA
"PRrico2"	"0.85"	0.226305520677815	34	961	961	100	0.002878783	NA	NA
"PRrico2"	"0.9"	0.226305520677815	34	961	961	99	0.00273241	NA	NA
"PRrico2"	"0.95"	0.226305520677815	34	961	961	100	0.00251989	NA	NA
"PRrico2"	"0.99"	0.226305520677815	34	961	961	100	0.002761028	NA	NA
"PRrico2"	"campo_medio"	0.226305520677815	34	961	961	100	NA	8.24266972529875	0.307326211536678
"PRrico3"	"0.25"	0.169853953773957	39	1143	1143	31	0.004978066	NA	NA
"PRrico3"	"0.5"	0.169853953773957	39	1143	1143	84	0.00442435	NA	NA
"PRrico3"	"0.55"	0.169853953773957	39	1143	1143	82	0.004451173	NA	NA
"PRrico3"	"0.6"	0.169853953773957	39	1143	1143	89	0.004408285	NA	NA
"PRrico3"	"0.65"	0.169853953773957	39	1143	1143	88	0.0041196	NA	NA
"PRrico3"	"0.7"	0.169853953773957	39	1143	1143	100	0.002693782	NA	NA
"PRrico3"	"0.75"	0.169853953773957	39	1143	1143	100	0.00268202	NA	NA
"PRrico3"	"0.8"	0.169853953773957	39	1143	1143	100	0.002621828	NA	NA
"PRrico3"	"0.85"	0.169853953773957	39	1143	1143	100	0.002850793	NA	NA
"PRrico3"	"0.9"	0.169853953773957	39	1143	1143	100	0.002625496	NA	NA
"PRrico3"	"0.95"	0.169853953773957	39	1143	1143	100	0.002686498	NA	NA
"PRrico3"	"0.99"	0.169853953773957	39	1143	1143	99	0.00271209	NA	NA
"PRrico3"	"campo_medio"	0.169853953773957	39	1143	1143	100	NA	10.1986562635803	0.194864477293597
"PRsapo"	"0.25"	0.425074364521363	122	1480	1480	41	0.0160612	NA	NA
"PRsapo"	"0.5"	0.425074364521363	122	1480	1480	95	0.01355546	NA	NA
"PRsapo"	"0.55"	0.425074364521363	122	1480	1480	95	0.01344338	NA	NA
"PRsapo"	"0.6"	0.425074364521363	122	1480	1480	91	0.0136326	NA	NA
"PRsapo"	"0.65"	0.425074364521363	122	1480	1480	100	0.01155854	NA	NA
"PRsapo"	"0.7"	0.425074364521363	122	1480	1480	100	0.0117457	NA	NA
"PRsapo"	"0.75"	0.425074364521363	122	1480	1480	100	0.010699139	NA	NA
"PRsapo"	"0.8"	0.425074364521363	122	1480	1480	100	0.01127782	NA	NA
"PRsapo"	"0.85"	0.425074364521363	122	1480	1480	100	0.01129484	NA	NA
"PRsapo"	"0.9"	0.425074364521363	122	1480	1480	100	0.01120509	NA	NA
"PRsapo"	"0.95"	0.425074364521363	122	1480	1480	100	0.010779235	NA	NA
"PRsapo"	"0.99"	0.425074364521363	122	1480	1480	100	0.005993643	NA	NA
"PRsapo"	"campo_medio"	0.425074364521363	122	1480	1480	100	NA	122.113590877534	0.0431712664004208
"PRtele"	"0.25"	0.633149366825626	105	1040	1040	100	0.01207861	NA	NA
"PRtele"	"0.5"	0.633149366825626	105	1040	1040	94	0.0123754	NA	NA
"PRtele"	"0.55"	0.633149366825626	105	1040	1040	99	0.01289072	NA	NA
"PRtele"	"0.6"	0.633149366825626	105	1040	1040	99	0.01264794	NA	NA
"PRtele"	"0.65"	0.633149366825626	105	1040	1040	96	0.01251726	NA	NA
"PRtele"	"0.7"	0.633149366825626	105	1040	1040	98	0.01266862	NA	NA
"PRtele"	"0.75"	0.633149366825626	105	1040	1040	97	0.0147494	NA	NA
"PRtele"	"0.8"	0.633149366825626	105	1040	1040	98	0.01391736	NA	NA
"PRtele"	"0.85"	0.633149366825626	105	1040	1040	88	0.01345264	NA	NA
"PRtele"	"0.9"	0.633149366825626	105	1040	1040	99	0.01399144	NA	NA
"PRtele"	"0.95"	0.633149366825626	105	1040	1040	96	0.01481178	NA	NA
"PRtele"	"0.99"	0.633149366825626	105	1040	1040	95	0.01440014	NA	NA
"PRtele"	"campo_medio"	0.633149366825626	105	1040	1040	98	NA	29.1134319156349	0.9999
"PRtiba1"	"0.25"	0.181441319632234	117	1482	1482	100	0.01239907	NA	NA
"PRtiba1"	"0.5"	0.181441319632234	117	1482	1482	94	0.01144652	NA	NA
"PRtiba1"	"0.55"	0.181441319632234	117	1482	1482	94	0.01186601	NA	NA
"PRtiba1"	"0.6"	0.181441319632234	117	1482	1482	94	0.01158	NA	NA
"PRtiba1"	"0.65"	0.181441319632234	117	1482	1482	78	0.01081464	NA	NA
"PRtiba1"	"0.7"	0.181441319632234	117	1482	1482	78	0.0108925	NA	NA
"PRtiba1"	"0.75"	0.181441319632234	117	1482	1482	83	0.01100768	NA	NA
"PRtiba1"	"0.8"	0.181441319632234	117	1482	1482	72	0.01098588	NA	NA
"PRtiba1"	"0.85"	0.181441319632234	117	1482	1482	71	0.01113015	NA	NA
"PRtiba1"	"0.9"	0.181441319632234	117	1482	1482	80	0.01095174	NA	NA
"PRtiba1"	"0.95"	0.181441319632234	117	1482	1482	70	0.01078851	NA	NA
"PRtiba1"	"0.99"	0.181441319632234	117	1482	1482	97	0.007248312	NA	NA
"PRtiba1"	"campo_medio"	0.181441319632234	117	1482	1482	96	NA	29.7825215792988	0.9999
"PRvent"	"0.25"	0.340772625042584	101	1241	1241	51	0.02382241	NA	NA
"PRvent"	"0.5"	0.340772625042584	101	1241	1241	96	0.01852297	NA	NA
"PRvent"	"0.55"	0.340772625042584	101	1241	1241	98	0.01870922	NA	NA
"PRvent"	"0.6"	0.340772625042584	101	1241	1241	99	0.01792221	NA	NA
"PRvent"	"0.65"	0.340772625042584	101	1241	1241	99	0.01879113	NA	NA
"PRvent"	"0.7"	0.340772625042584	101	1241	1241	100	0.01434544	NA	NA
"PRvent"	"0.75"	0.340772625042584	101	1241	1241	100	0.0146515	NA	NA
"PRvent"	"0.8"	0.340772625042584	101	1241	1241	100	0.01473744	NA	NA
"PRvent"	"0.85"	0.340772625042584	101	1241	1241	100	0.01536577	NA	NA
"PRvent"	"0.9"	0.340772625042584	101	1241	1241	100	0.01474382	NA	NA
"PRvent"	"0.95"	0.340772625042584	101	1241	1241	100	0.01447374	NA	NA
"PRvent"	"0.99"	0.340772625042584	101	1241	1241	100	0.01444259	NA	NA
"PRvent"	"campo_medio"	0.340772625042584	101	1241	1241	100	NA	27.3940009226073	0.74400930300874
"RScach1"	"0.25"	0.151225472114475	30	1547	1547	99	0.002511996	NA	NA
"RScach1"	"0.5"	0.151225472114475	30	1547	1547	99	0.002016552	NA	NA
"RScach1"	"0.55"	0.151225472114475	30	1547	1547	99	0.002056695	NA	NA
"RScach1"	"0.6"	0.151225472114475	30	1547	1547	100	0.002159432	NA	NA
"RScach1"	"0.65"	0.151225472114475	30	1547	1547	98	0.0010207414	NA	NA
"RScach1"	"0.7"	0.151225472114475	30	1547	1547	98	0.0010465226	NA	NA
"RScach1"	"0.75"	0.151225472114475	30	1547	1547	97	0.0010566587	NA	NA
"RScach1"	"0.8"	0.151225472114475	30	1547	1547	95	0.0010460986	NA	NA
"RScach1"	"0.85"	0.151225472114475	30	1547	1547	97	0.001056287	NA	NA
"RScach1"	"0.9"	0.151225472114475	30	1547	1547	100	0.0009535156	NA	NA
"RScach1"	"0.95"	0.151225472114475	30	1547	1547	96	0.0009608133	NA	NA
"RScach1"	"0.99"	0.151225472114475	30	1547	1547	100	0.0008624587	NA	NA
"RScach1"	"campo_medio"	0.151225472114475	30	1547	1547	100	NA	5.24341958689909	0.9999
"RScach2"	"0.25"	0.104325049309665	48	1904	1904	60	0.006136853	NA	NA
"RScach2"	"0.5"	0.104325049309665	48	1904	1904	86	0.005163602	NA	NA
"RScach2"	"0.55"	0.104325049309665	48	1904	1904	92	0.005207363	NA	NA
"RScach2"	"0.6"	0.104325049309665	48	1904	1904	99	0.00292493	NA	NA
"RScach2"	"0.65"	0.104325049309665	48	1904	1904	100	0.002960674	NA	NA
"RScach2"	"0.7"	0.104325049309665	48	1904	1904	99	0.002954912	NA	NA
"RScach2"	"0.75"	0.104325049309665	48	1904	1904	99	0.003065704	NA	NA
"RScach2"	"0.8"	0.104325049309665	48	1904	1904	100	0.002932533	NA	NA
"RScach2"	"0.85"	0.104325049309665	48	1904	1904	99	0.002881508	NA	NA
"RScach2"	"0.9"	0.104325049309665	48	1904	1904	100	0.002861144	NA	NA
"RScach2"	"0.95"	0.104325049309665	48	1904	1904	100	0.002977412	NA	NA
"RScach2"	"0.99"	0.104325049309665	48	1904	1904	99	0.001567584	NA	NA
"RScach2"	"campo_medio"	0.104325049309665	48	1904	1904	100	NA	9.89690512109008	0.455124041056769
"RScach3"	"0.25"	0.102843143491402	71	1228	1228	33	0.0119119	NA	NA
"RScach3"	"0.5"	0.102843143491402	71	1228	1228	77	0.010067776	NA	NA
"RScach3"	"0.55"	0.102843143491402	71	1228	1228	72	0.010230032	NA	NA
"RScach3"	"0.6"	0.102843143491402	71	1228	1228	68	0.01030596	NA	NA
"RScach3"	"0.65"	0.102843143491402	71	1228	1228	73	0.00960878	NA	NA
"RScach3"	"0.7"	0.102843143491402	71	1228	1228	100	0.007175224	NA	NA
"RScach3"	"0.75"	0.102843143491402	71	1228	1228	100	0.00726024	NA	NA
"RScach3"	"0.8"	0.102843143491402	71	1228	1228	100	0.007372781	NA	NA
"RScach3"	"0.85"	0.102843143491402	71	1228	1228	98	0.007332359	NA	NA
"RScach3"	"0.9"	0.102843143491402	71	1228	1228	100	0.007345406	NA	NA
"RScach3"	"0.95"	0.102843143491402	71	1228	1228	100	0.00758768	NA	NA
"RScach3"	"0.99"	0.102843143491402	71	1228	1228	100	0.007354236	NA	NA
"RScach3"	"campo_medio"	0.102843143491402	71	1228	1228	100	NA	43.8136116645823	0.0447215448325049
"RScach4"	"0.25"	0.072361253275373	48	1095	1095	74	0.008049706	NA	NA
"RScach4"	"0.5"	0.072361253275373	48	1095	1095	99	0.00608726	NA	NA
"RScach4"	"0.55"	0.072361253275373	48	1095	1095	98	0.006534364	NA	NA
"RScach4"	"0.6"	0.072361253275373	48	1095	1095	99	0.006399908	NA	NA
"RScach4"	"0.65"	0.072361253275373	48	1095	1095	100	0.006430184	NA	NA
"RScach4"	"0.7"	0.072361253275373	48	1095	1095	100	0.006435116	NA	NA
"RScach4"	"0.75"	0.072361253275373	48	1095	1095	91	0.004801374	NA	NA
"RScach4"	"0.8"	0.072361253275373	48	1095	1095	95	0.004736646	NA	NA
"RScach4"	"0.85"	0.072361253275373	48	1095	1095	94	0.004768326	NA	NA
"RScach4"	"0.9"	0.072361253275373	48	1095	1095	99	0.005010046	NA	NA
"RScach4"	"0.95"	0.072361253275373	48	1095	1095	93	0.004930988	NA	NA
"RScach4"	"0.99"	0.072361253275373	48	1095	1095	95	0.004828974	NA	NA
"RScach4"	"campo_medio"	0.072361253275373	48	1095	1095	96	NA	11.7229656657716	0.418174317066745
"RScama"	"0.25"	0.559289827066303	69	2236	2236	92	0.003253156	NA	NA
"RScama"	"0.5"	0.559289827066303	69	2236	2236	99	0.002855118	NA	NA
"RScama"	"0.55"	0.559289827066303	69	2236	2236	100	0.00235622	NA	NA
"RScama"	"0.6"	0.559289827066303	69	2236	2236	98	0.002183161	NA	NA
"RScama"	"0.65"	0.559289827066303	69	2236	2236	100	0.002152618	NA	NA
"RScama"	"0.7"	0.559289827066303	69	2236	2236	100	0.002423384	NA	NA
"RScama"	"0.75"	0.559289827066303	69	2236	2236	100	0.002297244	NA	NA
"RScama"	"0.8"	0.559289827066303	69	2236	2236	100	0.002282848	NA	NA
"RScama"	"0.85"	0.559289827066303	69	2236	2236	99	0.002250806	NA	NA
"RScama"	"0.9"	0.559289827066303	69	2236	2236	100	0.002254346	NA	NA
"RScama"	"0.95"	0.559289827066303	69	2236	2236	100	0.002315383	NA	NA
"RScama"	"0.99"	0.559289827066303	69	2236	2236	100	0.001846616	NA	NA
"RScama"	"campo_medio"	0.559289827066303	69	2236	2236	100	NA	13.7986367899057	0.830360336810819
"RScamb1"	"0.25"	0.327940858999573	42	1178	1178	100	0.008044858	NA	NA
"RScamb1"	"0.5"	0.327940858999573	42	1178	1178	100	0.005910709	NA	NA
"RScamb1"	"0.55"	0.327940858999573	42	1178	1178	100	0.005867936	NA	NA
"RScamb1"	"0.6"	0.327940858999573	42	1178	1178	100	0.00618101	NA	NA
"RScamb1"	"0.65"	0.327940858999573	42	1178	1178	100	0.006023077	NA	NA
"RScamb1"	"0.7"	0.327940858999573	42	1178	1178	94	0.004034571	NA	NA
"RScamb1"	"0.75"	0.327940858999573	42	1178	1178	90	0.00346178	NA	NA
"RScamb1"	"0.8"	0.327940858999573	42	1178	1178	91	0.00363519	NA	NA
"RScamb1"	"0.85"	0.327940858999573	42	1178	1178	94	0.003817591	NA	NA
"RScamb1"	"0.9"	0.327940858999573	42	1178	1178	92	0.003862042	NA	NA
"RScamb1"	"0.95"	0.327940858999573	42	1178	1178	96	0.003645766	NA	NA
"RScamb1"	"0.99"	0.327940858999573	42	1178	1178	92	0.003723626	NA	NA
"RScamb1"	"campo_medio"	0.327940858999573	42	1178	1178	98	NA	8.54688780266606	0.960075067160563
"RSfaxi"	"0.25"	0.470118159409467	74	1211	1211	19	0.009765052	NA	NA
"RSfaxi"	"0.5"	0.470118159409467	74	1211	1211	80	0.008109958	NA	NA
"RSfaxi"	"0.55"	0.470118159409467	74	1211	1211	80	0.00812527	NA	NA
"RSfaxi"	"0.6"	0.470118159409467	74	1211	1211	86	0.008329698	NA	NA
"RSfaxi"	"0.65"	0.470118159409467	74	1211	1211	80	0.008471516	NA	NA
"RSfaxi"	"0.7"	0.470118159409467	74	1211	1211	100	0.006043224	NA	NA
"RSfaxi"	"0.75"	0.470118159409467	74	1211	1211	100	0.006096784	NA	NA
"RSfaxi"	"0.8"	0.470118159409467	74	1211	1211	99	0.006192002	NA	NA
"RSfaxi"	"0.85"	0.470118159409467	74	1211	1211	100	0.006166849	NA	NA
"RSfaxi"	"0.9"	0.470118159409467	74	1211	1211	100	0.005897177	NA	NA
"RSfaxi"	"0.95"	0.470118159409467	74	1211	1211	99	0.006646834	NA	NA
"RSfaxi"	"0.99"	0.470118159409467	74	1211	1211	100	0.006114416	NA	NA
"RSfaxi"	"campo_medio"	0.470118159409467	74	1211	1211	99	NA	23.1579327055612	0.228869816071048
"RSmaqu4"	"0.25"	0.310748079531233	85	1531	1531	97	0.005034026	NA	NA
"RSmaqu4"	"0.5"	0.310748079531233	85	1531	1531	92	0.005301116	NA	NA
"RSmaqu4"	"0.55"	0.310748079531233	85	1531	1531	88	0.005286564	NA	NA
"RSmaqu4"	"0.6"	0.310748079531233	85	1531	1531	87	0.005170002	NA	NA
"RSmaqu4"	"0.65"	0.310748079531233	85	1531	1531	66	0.005179805	NA	NA
"RSmaqu4"	"0.7"	0.310748079531233	85	1531	1531	73	0.0056808	NA	NA
"RSmaqu4"	"0.75"	0.310748079531233	85	1531	1531	82	0.005455416	NA	NA
"RSmaqu4"	"0.8"	0.310748079531233	85	1531	1531	78	0.005514197	NA	NA
"RSmaqu4"	"0.85"	0.310748079531233	85	1531	1531	86	0.005612319	NA	NA
"RSmaqu4"	"0.9"	0.310748079531233	85	1531	1531	75	0.005341769	NA	NA
"RSmaqu4"	"0.95"	0.310748079531233	85	1531	1531	86	0.005391195	NA	NA
"RSmaqu4"	"0.99"	0.310748079531233	85	1531	1531	92	0.003365572	NA	NA
"RSmaqu4"	"campo_medio"	0.310748079531233	85	1531	1531	97	NA	19.3990842518201	0.9999
"RSmorr1"	"0.25"	0.658177286403532	109	2810	2810	100	0.00362362	NA	NA
"RSmorr1"	"0.5"	0.658177286403532	109	2810	2810	99	0.003747233	NA	NA
"RSmorr1"	"0.55"	0.658177286403532	109	2810	2810	100	0.003861012	NA	NA
"RSmorr1"	"0.6"	0.658177286403532	109	2810	2810	100	0.003582788	NA	NA
"RSmorr1"	"0.65"	0.658177286403532	109	2810	2810	99	0.003506961	NA	NA
"RSmorr1"	"0.7"	0.658177286403532	109	2810	2810	100	0.003712032	NA	NA
"RSmorr1"	"0.75"	0.658177286403532	109	2810	2810	100	0.003659452	NA	NA
"RSmorr1"	"0.8"	0.658177286403532	109	2810	2810	100	0.003702156	NA	NA
"RSmorr1"	"0.85"	0.658177286403532	109	2810	2810	100	0.003879495	NA	NA
"RSmorr1"	"0.9"	0.658177286403532	109	2810	2810	99	0.003799416	NA	NA
"RSmorr1"	"0.95"	0.658177286403532	109	2810	2810	100	0.002252317	NA	NA
"RSmorr1"	"0.99"	0.658177286403532	109	2810	2810	100	0.002225502	NA	NA
"RSmorr1"	"campo_medio"	0.658177286403532	109	2810	2810	100	NA	25.4231776518843	0.444544160278035
"RSpet1"	"0.25"	0.722472122747256	69	826	826	98	0.005263408	NA	NA
"RSpet1"	"0.5"	0.722472122747256	69	826	826	94	0.00592381	NA	NA
"RSpet1"	"0.55"	0.722472122747256	69	826	826	93	0.007175525	NA	NA
"RSpet1"	"0.6"	0.722472122747256	69	826	826	91	0.006745305	NA	NA
"RSpet1"	"0.65"	0.722472122747256	69	826	826	91	0.006680907	NA	NA
"RSpet1"	"0.7"	0.722472122747256	69	826	826	99	0.007586645	NA	NA
"RSpet1"	"0.75"	0.722472122747256	69	826	826	91	0.007251158	NA	NA
"RSpet1"	"0.8"	0.722472122747256	69	826	826	82	0.007841348	NA	NA
"RSpet1"	"0.85"	0.722472122747256	69	826	826	83	0.008112884	NA	NA
"RSpet1"	"0.9"	0.722472122747256	69	826	826	92	0.009137108	NA	NA
"RSpet1"	"0.95"	0.722472122747256	69	826	826	92	0.009176766	NA	NA
"RSpet1"	"0.99"	0.722472122747256	69	826	826	96	0.009567766	NA	NA
"RSpet1"	"campo_medio"	0.722472122747256	69	826	826	98	NA	17.8685309088594	0.9999
"RSrioz1"	"0.25"	0.92867367679881	76	1205	1205	100	0.004889304	NA	NA
"RSrioz1"	"0.5"	0.92867367679881	76	1205	1205	100	0.005341136	NA	NA
"RSrioz1"	"0.55"	0.92867367679881	76	1205	1205	100	0.005734465	NA	NA
"RSrioz1"	"0.6"	0.92867367679881	76	1205	1205	100	0.005817044	NA	NA
"RSrioz1"	"0.65"	0.92867367679881	76	1205	1205	100	0.00516832	NA	NA
"RSrioz1"	"0.7"	0.92867367679881	76	1205	1205	100	0.006597978	NA	NA
"RSrioz1"	"0.75"	0.92867367679881	76	1205	1205	100	0.006499831	NA	NA
"RSrioz1"	"0.8"	0.92867367679881	76	1205	1205	99	0.006084368	NA	NA
"RSrioz1"	"0.85"	0.92867367679881	76	1205	1205	99	0.006193808	NA	NA
"RSrioz1"	"0.9"	0.92867367679881	76	1205	1205	100	0.006689097	NA	NA
"RSrioz1"	"0.95"	0.92867367679881	76	1205	1205	100	0.006522602	NA	NA
"RSrioz1"	"0.99"	0.92867367679881	76	1205	1205	100	0.006482094	NA	NA
"RSrioz1"	"campo_medio"	0.92867367679881	76	1205	1205	100	NA	20.6088297577248	0.464346584831676
"RSsetape"	"0.25"	0.493985431841831	45	1733	1733	100	0.002331936	NA	NA
"RSsetape"	"0.5"	0.493985431841831	45	1733	1733	100	0.002010646	NA	NA
"RSsetape"	"0.55"	0.493985431841831	45	1733	1733	100	0.002211292	NA	NA
"RSsetape"	"0.6"	0.493985431841831	45	1733	1733	96	0.001530876	NA	NA
"RSsetape"	"0.65"	0.493985431841831	45	1733	1733	97	0.001329174	NA	NA
"RSsetape"	"0.7"	0.493985431841831	45	1733	1733	98	0.001365359	NA	NA
"RSsetape"	"0.75"	0.493985431841831	45	1733	1733	98	0.001560638	NA	NA
"RSsetape"	"0.8"	0.493985431841831	45	1733	1733	95	0.00146808	NA	NA
"RSsetape"	"0.85"	0.493985431841831	45	1733	1733	98	0.001417472	NA	NA
"RSsetape"	"0.9"	0.493985431841831	45	1733	1733	98	0.001429292	NA	NA
"RSsetape"	"0.95"	0.493985431841831	45	1733	1733	97	0.001465506	NA	NA
"RSsetape"	"0.99"	0.493985431841831	45	1733	1733	100	0.001298004	NA	NA
"RSsetape"	"campo_medio"	0.493985431841831	45	1733	1733	99	NA	8.74953610702128	0.741108587448003
"RSsini"	"0.25"	0.73052961024989	69	1024	1024	100	0.006448055	NA	NA
"RSsini"	"0.5"	0.73052961024989	69	1024	1024	99	0.00786757	NA	NA
"RSsini"	"0.55"	0.73052961024989	69	1024	1024	100	0.006927367	NA	NA
"RSsini"	"0.6"	0.73052961024989	69	1024	1024	100	0.007338891	NA	NA
"RSsini"	"0.65"	0.73052961024989	69	1024	1024	100	0.008200936	NA	NA
"RSsini"	"0.7"	0.73052961024989	69	1024	1024	100	0.007727845	NA	NA
"RSsini"	"0.75"	0.73052961024989	69	1024	1024	100	0.008699257	NA	NA
"RSsini"	"0.8"	0.73052961024989	69	1024	1024	100	0.008421375	NA	NA
"RSsini"	"0.85"	0.73052961024989	69	1024	1024	100	0.0081549	NA	NA
"RSsini"	"0.9"	0.73052961024989	69	1024	1024	100	0.008921971	NA	NA
"RSsini"	"0.95"	0.73052961024989	69	1024	1024	100	0.008081045	NA	NA
"RSsini"	"0.99"	0.73052961024989	69	1024	1024	100	0.008595295	NA	NA
"RSsini"	"campo_medio"	0.73052961024989	69	1024	1024	100	NA	17.1867107688436	0.835829107851209
"RSsmar2"	"0.25"	0.36114979447901	58	1427	1427	99	0.003372243	NA	NA
"RSsmar2"	"0.5"	0.36114979447901	58	1427	1427	100	0.003078164	NA	NA
"RSsmar2"	"0.55"	0.36114979447901	58	1427	1427	98	0.003081916	NA	NA
"RSsmar2"	"0.6"	0.36114979447901	58	1427	1427	100	0.003120736	NA	NA
"RSsmar2"	"0.65"	0.36114979447901	58	1427	1427	100	0.003152173	NA	NA
"RSsmar2"	"0.7"	0.36114979447901	58	1427	1427	97	0.002677506	NA	NA
"RSsmar2"	"0.75"	0.36114979447901	58	1427	1427	99	0.003368338	NA	NA
"RSsmar2"	"0.8"	0.36114979447901	58	1427	1427	98	0.003270635	NA	NA
"RSsmar2"	"0.85"	0.36114979447901	58	1427	1427	100	0.003443492	NA	NA
"RSsmar2"	"0.9"	0.36114979447901	58	1427	1427	99	0.003444638	NA	NA
"RSsmar2"	"0.95"	0.36114979447901	58	1427	1427	100	0.003236513	NA	NA
"RSsmar2"	"0.99"	0.36114979447901	58	1427	1427	99	0.001986731	NA	NA
"RSsmar2"	"campo_medio"	0.36114979447901	58	1427	1427	100	NA	14.7293825188496	0.302150278812982
"RSvsol"	"0.25"	0.666613829015203	55	1855	1855	79	0.001969774	NA	NA
"RSvsol"	"0.5"	0.666613829015203	55	1855	1855	36	0.002029582	NA	NA
"RSvsol"	"0.55"	0.666613829015203	55	1855	1855	39	0.001875262	NA	NA
"RSvsol"	"0.6"	0.666613829015203	55	1855	1855	13	0.001797436	NA	NA
"RSvsol"	"0.65"	0.666613829015203	55	1855	1855	22	0.00187643	NA	NA
"RSvsol"	"0.7"	0.666613829015203	55	1855	1855	25	0.001974078	NA	NA
"RSvsol"	"0.75"	0.666613829015203	55	1855	1855	15	0.001866664	NA	NA
"RSvsol"	"0.8"	0.666613829015203	55	1855	1855	21	0.001992492	NA	NA
"RSvsol"	"0.85"	0.666613829015203	55	1855	1855	21	0.001982818	NA	NA
"RSvsol"	"0.9"	0.666613829015203	55	1855	1855	18	0.001834683	NA	NA
"RSvsol"	"0.95"	0.666613829015203	55	1855	1855	22	0.00209752	NA	NA
"RSvsol"	"0.99"	0.666613829015203	55	1855	1855	16	0.0010922728	NA	NA
"RSvsol"	"campo_medio"	0.666613829015203	55	1855	1855	75	NA	10.637857716318	0.9999
"SCarar"	"0.25"	0.0359928114764424	26	2034	2034	100	0.001493321	NA	NA
"SCarar"	"0.5"	0.0359928114764424	26	2034	2034	100	0.001285053	NA	NA
"SCarar"	"0.55"	0.0359928114764424	26	2034	2034	97	0.0009321704	NA	NA
"SCarar"	"0.6"	0.0359928114764424	26	2034	2034	99	0.0008769925	NA	NA
"SCarar"	"0.65"	0.0359928114764424	26	2034	2034	96	0.0009082212	NA	NA
"SCarar"	"0.7"	0.0359928114764424	26	2034	2034	100	0.0008473808	NA	NA
"SCarar"	"0.75"	0.0359928114764424	26	2034	2034	100	0.0008189629	NA	NA
"SCarar"	"0.8"	0.0359928114764424	26	2034	2034	100	0.0008848192	NA	NA
"SCarar"	"0.85"	0.0359928114764424	26	2034	2034	96	0.0008425542	NA	NA
"SCarar"	"0.9"	0.0359928114764424	26	2034	2034	97	0.0008458029	NA	NA
"SCarar"	"0.95"	0.0359928114764424	26	2034	2034	99	0.0008683944	NA	NA
"SCarar"	"0.99"	0.0359928114764424	26	2034	2034	100	0.0007575396	NA	NA
"SCarar"	"campo_medio"	0.0359928114764424	26	2034	2034	100	NA	4.1269493753957	0.9999
"SCilho"	"0.25"	0.899939351991448	135	1169	1169	100	0.01191765	NA	NA
"SCilho"	"0.5"	0.899939351991448	135	1169	1169	100	0.01602895	NA	NA
"SCilho"	"0.55"	0.899939351991448	135	1169	1169	99	0.01589957	NA	NA
"SCilho"	"0.6"	0.899939351991448	135	1169	1169	100	0.01537911	NA	NA
"SCilho"	"0.65"	0.899939351991448	135	1169	1169	100	0.01510218	NA	NA
"SCilho"	"0.7"	0.899939351991448	135	1169	1169	100	0.01832925	NA	NA
"SCilho"	"0.75"	0.899939351991448	135	1169	1169	100	0.0182402	NA	NA
"SCilho"	"0.8"	0.899939351991448	135	1169	1169	99	0.01762491	NA	NA
"SCilho"	"0.85"	0.899939351991448	135	1169	1169	100	0.01871349	NA	NA
"SCilho"	"0.9"	0.899939351991448	135	1169	1169	98	0.01792977	NA	NA
"SCilho"	"0.95"	0.899939351991448	135	1169	1169	100	0.01787028	NA	NA
"SCilho"	"0.99"	0.899939351991448	135	1169	1169	99	0.01822387	NA	NA
"SCilho"	"campo_medio"	0.899939351991448	135	1169	1169	100	NA	49.0701893059543	0.402354999580627
"SCilho2"	"0.25"	0.884932951426624	157	1738	1738	95	0.010169873	NA	NA
"SCilho2"	"0.5"	0.884932951426624	157	1738	1738	92	0.01113983	NA	NA
"SCilho2"	"0.55"	0.884932951426624	157	1738	1738	98	0.0118023	NA	NA
"SCilho2"	"0.6"	0.884932951426624	157	1738	1738	96	0.01353479	NA	NA
"SCilho2"	"0.65"	0.884932951426624	157	1738	1738	96	0.01308932	NA	NA
"SCilho2"	"0.7"	0.884932951426624	157	1738	1738	92	0.01294228	NA	NA
"SCilho2"	"0.75"	0.884932951426624	157	1738	1738	100	0.01332792	NA	NA
"SCilho2"	"0.8"	0.884932951426624	157	1738	1738	94	0.01320802	NA	NA
"SCilho2"	"0.85"	0.884932951426624	157	1738	1738	96	0.01325207	NA	NA
"SCilho2"	"0.9"	0.884932951426624	157	1738	1738	96	0.01332311	NA	NA
"SCilho2"	"0.95"	0.884932951426624	157	1738	1738	96	0.0128411	NA	NA
"SCilho2"	"0.99"	0.884932951426624	157	1738	1738	96	0.006791216	NA	NA
"SCilho2"	"campo_medio"	0.884932951426624	157	1738	1738	97	NA	46.8038923251171	0.556297700274769
"SCorle"	"0.25"	0.528689726683852	112	1938	1938	78	0.009334094	NA	NA
"SCorle"	"0.5"	0.528689726683852	112	1938	1938	98	0.008377716	NA	NA
"SCorle"	"0.55"	0.528689726683852	112	1938	1938	98	0.008396454	NA	NA
"SCorle"	"0.6"	0.528689726683852	112	1938	1938	100	0.006573254	NA	NA
"SCorle"	"0.65"	0.528689726683852	112	1938	1938	99	0.006437158	NA	NA
"SCorle"	"0.7"	0.528689726683852	112	1938	1938	94	0.00629756	NA	NA
"SCorle"	"0.75"	0.528689726683852	112	1938	1938	100	0.00663201	NA	NA
"SCorle"	"0.8"	0.528689726683852	112	1938	1938	99	0.006497942	NA	NA
"SCorle"	"0.85"	0.528689726683852	112	1938	1938	100	0.006578207	NA	NA
"SCorle"	"0.9"	0.528689726683852	112	1938	1938	99	0.006720157	NA	NA
"SCorle"	"0.95"	0.528689726683852	112	1938	1938	100	0.006601597	NA	NA
"SCorle"	"0.99"	0.528689726683852	112	1938	1938	100	0.004504101	NA	NA
"SCorle"	"campo_medio"	0.528689726683852	112	1938	1938	99	NA	28.229612443589	0.582437776520347
"SCside"	"0.25"	0.72254784514244	105	1712	1712	17	0.005085163	NA	NA
"SCside"	"0.5"	0.72254784514244	105	1712	1712	14	0.006554317	NA	NA
"SCside"	"0.55"	0.72254784514244	105	1712	1712	18	0.006623812	NA	NA
"SCside"	"0.6"	0.72254784514244	105	1712	1712	12	0.007933046	NA	NA
"SCside"	"0.65"	0.72254784514244	105	1712	1712	13	0.006674724	NA	NA
"SCside"	"0.7"	0.72254784514244	105	1712	1712	13	0.006816868	NA	NA
"SCside"	"0.75"	0.72254784514244	105	1712	1712	13	0.007201456	NA	NA
"SCside"	"0.8"	0.72254784514244	105	1712	1712	12	0.007070241	NA	NA
"SCside"	"0.85"	0.72254784514244	105	1712	1712	16	0.007101312	NA	NA
"SCside"	"0.9"	0.72254784514244	105	1712	1712	15	0.007296642	NA	NA
"SCside"	"0.95"	0.72254784514244	105	1712	1712	15	0.007336996	NA	NA
"SCside"	"0.99"	0.72254784514244	105	1712	1712	24	0.004107718	NA	NA
"SCside"	"campo_medio"	0.72254784514244	105	1712	1712	37	NA	26.3279038173788	0.665434300667096
"SCside1"	"0.25"	0.680355725623583	111	1413	1413	100	0.009014385	NA	NA
"SCside1"	"0.5"	0.680355725623583	111	1413	1413	99	0.00942209	NA	NA
"SCside1"	"0.55"	0.680355725623583	111	1413	1413	99	0.008912961	NA	NA
"SCside1"	"0.6"	0.680355725623583	111	1413	1413	100	0.009134513	NA	NA
"SCside1"	"0.65"	0.680355725623583	111	1413	1413	98	0.009767009	NA	NA
"SCside1"	"0.7"	0.680355725623583	111	1413	1413	99	0.009906247	NA	NA
"SCside1"	"0.75"	0.680355725623583	111	1413	1413	100	0.010806632	NA	NA
"SCside1"	"0.8"	0.680355725623583	111	1413	1413	100	0.010351188	NA	NA
"SCside1"	"0.85"	0.680355725623583	111	1413	1413	100	0.010627862	NA	NA
"SCside1"	"0.9"	0.680355725623583	111	1413	1413	97	0.010379005	NA	NA
"SCside1"	"0.95"	0.680355725623583	111	1413	1413	99	0.010515102	NA	NA
"SCside1"	"0.99"	0.680355725623583	111	1413	1413	100	0.006467129	NA	NA
"SCside1"	"campo_medio"	0.680355725623583	111	1413	1413	100	NA	28.2125622788359	0.9999
"SCside4"	"0.25"	0.535403772264882	98	1421	1421	82	0.01204986	NA	NA
"SCside4"	"0.5"	0.535403772264882	98	1421	1421	95	0.01035346	NA	NA
"SCside4"	"0.55"	0.535403772264882	98	1421	1421	95	0.0105414	NA	NA
"SCside4"	"0.6"	0.535403772264882	98	1421	1421	95	0.01067253	NA	NA
"SCside4"	"0.65"	0.535403772264882	98	1421	1421	79	0.009271404	NA	NA
"SCside4"	"0.7"	0.535403772264882	98	1421	1421	80	0.009156923	NA	NA
"SCside4"	"0.75"	0.535403772264882	98	1421	1421	69	0.008196941	NA	NA
"SCside4"	"0.8"	0.535403772264882	98	1421	1421	71	0.00835923	NA	NA
"SCside4"	"0.85"	0.535403772264882	98	1421	1421	65	0.00844685	NA	NA
"SCside4"	"0.9"	0.535403772264882	98	1421	1421	71	0.008823686	NA	NA
"SCside4"	"0.95"	0.535403772264882	98	1421	1421	80	0.008644242	NA	NA
"SCside4"	"0.99"	0.535403772264882	98	1421	1421	86	0.004691615	NA	NA
"SCside4"	"campo_medio"	0.535403772264882	98	1421	1421	87	NA	26.9650751398847	0.504546166960957
"SCtimbe1"	"0.25"	0.915684800663396	142	3148	3148	97	0.004353878	NA	NA
"SCtimbe1"	"0.5"	0.915684800663396	142	3148	3148	100	0.004884964	NA	NA
"SCtimbe1"	"0.55"	0.915684800663396	142	3148	3148	99	0.005095834	NA	NA
"SCtimbe1"	"0.6"	0.915684800663396	142	3148	3148	98	0.004955375	NA	NA
"SCtimbe1"	"0.65"	0.915684800663396	142	3148	3148	98	0.004742373	NA	NA
"SCtimbe1"	"0.7"	0.915684800663396	142	3148	3148	99	0.004829836	NA	NA
"SCtimbe1"	"0.75"	0.915684800663396	142	3148	3148	99	0.004700748	NA	NA
"SCtimbe1"	"0.8"	0.915684800663396	142	3148	3148	100	0.004784351	NA	NA
"SCtimbe1"	"0.85"	0.915684800663396	142	3148	3148	100	0.004902114	NA	NA
"SCtimbe1"	"0.9"	0.915684800663396	142	3148	3148	100	0.004806433	NA	NA
"SCtimbe1"	"0.95"	0.915684800663396	142	3148	3148	97	0.002582997	NA	NA
"SCtimbe1"	"0.99"	0.915684800663396	142	3148	3148	98	0.002571858	NA	NA
"SCtimbe1"	"campo_medio"	0.915684800663396	142	3148	3148	100	NA	33.9763898311597	0.48445502958709
"SCvolta1"	"0.25"	0.975721531216037	52	1658	1658	95	0.002232306	NA	NA
"SCvolta1"	"0.5"	0.975721531216037	52	1658	1658	89	0.002063468	NA	NA
"SCvolta1"	"0.55"	0.975721531216037	52	1658	1658	84	0.002131052	NA	NA
"SCvolta1"	"0.6"	0.975721531216037	52	1658	1658	85	0.002170195	NA	NA
"SCvolta1"	"0.65"	0.975721531216037	52	1658	1658	72	0.00188045	NA	NA
"SCvolta1"	"0.7"	0.975721531216037	52	1658	1658	64	0.001899493	NA	NA
"SCvolta1"	"0.75"	0.975721531216037	52	1658	1658	75	0.002042597	NA	NA
"SCvolta1"	"0.8"	0.975721531216037	52	1658	1658	72	0.002076502	NA	NA
"SCvolta1"	"0.85"	0.975721531216037	52	1658	1658	67	0.002112363	NA	NA
"SCvolta1"	"0.9"	0.975721531216037	52	1658	1658	71	0.001985295	NA	NA
"SCvolta1"	"0.95"	0.975721531216037	52	1658	1658	77	0.001971772	NA	NA
"SCvolta1"	"0.99"	0.975721531216037	52	1658	1658	81	0.001306295	NA	NA
"SCvolta1"	"campo_medio"	0.975721531216037	52	1658	1658	98	NA	10.2012045699753	0.9999
"SCvolta2"	"0.25"	0.916842703142202	78	2059	2059	100	0.00243445	NA	NA
"SCvolta2"	"0.5"	0.916842703142202	78	2059	2059	99	0.002509162	NA	NA
"SCvolta2"	"0.55"	0.916842703142202	78	2059	2059	100	0.003315466	NA	NA
"SCvolta2"	"0.6"	0.916842703142202	78	2059	2059	99	0.00321888	NA	NA
"SCvolta2"	"0.65"	0.916842703142202	78	2059	2059	100	0.003174872	NA	NA
"SCvolta2"	"0.7"	0.916842703142202	78	2059	2059	99	0.003089931	NA	NA
"SCvolta2"	"0.75"	0.916842703142202	78	2059	2059	99	0.003225921	NA	NA
"SCvolta2"	"0.8"	0.916842703142202	78	2059	2059	99	0.003183041	NA	NA
"SCvolta2"	"0.85"	0.916842703142202	78	2059	2059	99	0.003118548	NA	NA
"SCvolta2"	"0.9"	0.916842703142202	78	2059	2059	100	0.003198321	NA	NA
"SCvolta2"	"0.95"	0.916842703142202	78	2059	2059	100	0.003099924	NA	NA
"SCvolta2"	"0.99"	0.916842703142202	78	2059	2059	100	0.001793548	NA	NA
"SCvolta2"	"campo_medio"	0.916842703142202	78	2059	2059	97	NA	19.8208217475818	0.268070243314699
"SPcamp1"	"0.25"	0.103320559326545	108	1076	1076	100	0.01283899	NA	NA
"SPcamp1"	"0.5"	0.103320559326545	108	1076	1076	99	0.012995	NA	NA
"SPcamp1"	"0.55"	0.103320559326545	108	1076	1076	93	0.01275395	NA	NA
"SPcamp1"	"0.6"	0.103320559326545	108	1076	1076	97	0.01263015	NA	NA
"SPcamp1"	"0.65"	0.103320559326545	108	1076	1076	98	0.01275305	NA	NA
"SPcamp1"	"0.7"	0.103320559326545	108	1076	1076	94	0.01280629	NA	NA
"SPcamp1"	"0.75"	0.103320559326545	108	1076	1076	90	0.01427157	NA	NA
"SPcamp1"	"0.8"	0.103320559326545	108	1076	1076	90	0.01348278	NA	NA
"SPcamp1"	"0.85"	0.103320559326545	108	1076	1076	92	0.01422557	NA	NA
"SPcamp1"	"0.9"	0.103320559326545	108	1076	1076	94	0.0140427	NA	NA
"SPcamp1"	"0.95"	0.103320559326545	108	1076	1076	83	0.01395962	NA	NA
"SPcamp1"	"0.99"	0.103320559326545	108	1076	1076	93	0.01377414	NA	NA
"SPcamp1"	"campo_medio"	0.103320559326545	108	1076	1076	95	NA	29.8973122734178	0.9999
"SPcara1"	"0.25"	0.850156308651023	171	2127	2127	97	0.00866653	NA	NA
"SPcara1"	"0.5"	0.850156308651023	171	2127	2127	92	0.01086038	NA	NA
"SPcara1"	"0.55"	0.850156308651023	171	2127	2127	97	0.01110387	NA	NA
"SPcara1"	"0.6"	0.850156308651023	171	2127	2127	97	0.01140566	NA	NA
"SPcara1"	"0.65"	0.850156308651023	171	2127	2127	95	0.01139208	NA	NA
"SPcara1"	"0.7"	0.850156308651023	171	2127	2127	98	0.01137543	NA	NA
"SPcara1"	"0.75"	0.850156308651023	171	2127	2127	96	0.0112569	NA	NA
"SPcara1"	"0.8"	0.850156308651023	171	2127	2127	97	0.0111023	NA	NA
"SPcara1"	"0.85"	0.850156308651023	171	2127	2127	96	0.01123209	NA	NA
"SPcara1"	"0.9"	0.850156308651023	171	2127	2127	96	0.01130252	NA	NA
"SPcara1"	"0.95"	0.850156308651023	171	2127	2127	98	0.01118108	NA	NA
"SPcara1"	"0.99"	0.850156308651023	171	2127	2127	100	0.005920375	NA	NA
"SPcara1"	"campo_medio"	0.850156308651023	171	2127	2127	100	NA	59.5857348663198	0.250098786255403
"SPcara3"	"0.25"	0.773104012947153	130	1674	1674	95	0.008310683	NA	NA
"SPcara3"	"0.5"	0.773104012947153	130	1674	1674	97	0.01073092	NA	NA
"SPcara3"	"0.55"	0.773104012947153	130	1674	1674	99	0.009825725	NA	NA
"SPcara3"	"0.6"	0.773104012947153	130	1674	1674	99	0.0104456	NA	NA
"SPcara3"	"0.65"	0.773104012947153	130	1674	1674	100	0.010122694	NA	NA
"SPcara3"	"0.7"	0.773104012947153	130	1674	1674	99	0.010354374	NA	NA
"SPcara3"	"0.75"	0.773104012947153	130	1674	1674	100	0.010608038	NA	NA
"SPcara3"	"0.8"	0.773104012947153	130	1674	1674	100	0.010110226	NA	NA
"SPcara3"	"0.85"	0.773104012947153	130	1674	1674	99	0.010438621	NA	NA
"SPcara3"	"0.9"	0.773104012947153	130	1674	1674	100	0.010156551	NA	NA
"SPcara3"	"0.95"	0.773104012947153	130	1674	1674	100	0.010206642	NA	NA
"SPcara3"	"0.99"	0.773104012947153	130	1674	1674	70	0.007474573	NA	NA
"SPcara3"	"campo_medio"	0.773104012947153	130	1674	1674	100	NA	49.2495369838467	0.182407348041192
"SPeec1"	"0.25"	0.743179321289062	144	1182.12890625	12105	67	0.001591166	NA	NA
"SPeec1"	"0.5"	0.743179321289062	144	1182.12890625	12105	100	0.001291245	NA	NA
"SPeec1"	"0.55"	0.743179321289062	144	1182.12890625	12105	100	0.00130445	NA	NA
"SPeec1"	"0.6"	0.743179321289062	144	1182.12890625	12105	100	0.001317004	NA	NA
"SPeec1"	"0.65"	0.743179321289062	144	1182.12890625	12105	100	0.00129327	NA	NA
"SPeec1"	"0.7"	0.743179321289062	144	1182.12890625	12105	14	0.0008933252	NA	NA
"SPeec1"	"0.75"	0.743179321289062	144	1182.12890625	12105	11	0.000855053	NA	NA
"SPeec1"	"0.8"	0.743179321289062	144	1182.12890625	12105	14	0.0008550314	NA	NA
"SPeec1"	"0.85"	0.743179321289062	144	1182.12890625	12105	15	0.0008677621	NA	NA
"SPeec1"	"0.9"	0.743179321289062	144	1182.12890625	12105	15	0.0008616916	NA	NA
"SPeec1"	"0.95"	0.743179321289062	144	1182.12890625	12105	12	0.000857101	NA	NA
"SPeec1"	"0.99"	0.743179321289062	144	1182.12890625	12105	11	0.0008657749	NA	NA
"SPeec1"	"campo_medio"	0.743179321289062	144	1182.12890625	12105	79	NA	24.2886144865001	0.586420334845206
"SPeec4"	"0.25"	0.37843888158286	84	1212	1212	100	0.004366129	NA	NA
"SPeec4"	"0.5"	0.37843888158286	84	1212	1212	98	0.006505393	NA	NA
"SPeec4"	"0.55"	0.37843888158286	84	1212	1212	98	0.006069594	NA	NA
"SPeec4"	"0.6"	0.37843888158286	84	1212	1212	98	0.006321597	NA	NA
"SPeec4"	"0.65"	0.37843888158286	84	1212	1212	98	0.006098506	NA	NA
"SPeec4"	"0.7"	0.37843888158286	84	1212	1212	94	0.007103197	NA	NA
"SPeec4"	"0.75"	0.37843888158286	84	1212	1212	97	0.007922075	NA	NA
"SPeec4"	"0.8"	0.37843888158286	84	1212	1212	99	0.00774731	NA	NA
"SPeec4"	"0.85"	0.37843888158286	84	1212	1212	98	0.007663159	NA	NA
"SPeec4"	"0.9"	0.37843888158286	84	1212	1212	100	0.007541952	NA	NA
"SPeec4"	"0.95"	0.37843888158286	84	1212	1212	97	0.007287138	NA	NA
"SPeec4"	"0.99"	0.37843888158286	84	1212	1212	95	0.007413727	NA	NA
"SPeec4"	"campo_medio"	0.37843888158286	84	1212	1212	97	NA	21.9233126892982	0.667701651592806
"SPeec5"	"0.25"	0.67888901166382	74	1107	1107	49	0.004184022	NA	NA
"SPeec5"	"0.5"	0.67888901166382	74	1107	1107	17	0.005890595	NA	NA
"SPeec5"	"0.55"	0.67888901166382	74	1107	1107	21	0.00546771	NA	NA
"SPeec5"	"0.6"	0.67888901166382	74	1107	1107	29	0.005718263	NA	NA
"SPeec5"	"0.65"	0.67888901166382	74	1107	1107	13	0.005225188	NA	NA
"SPeec5"	"0.7"	0.67888901166382	74	1107	1107	22	0.005662661	NA	NA
"SPeec5"	"0.75"	0.67888901166382	74	1107	1107	12	0.006943587	NA	NA
"SPeec5"	"0.8"	0.67888901166382	74	1107	1107	20	0.006771408	NA	NA
"SPeec5"	"0.85"	0.67888901166382	74	1107	1107	15	0.00706309	NA	NA
"SPeec5"	"0.9"	0.67888901166382	74	1107	1107	19	0.006987031	NA	NA
"SPeec5"	"0.95"	0.67888901166382	74	1107	1107	18	0.006878522	NA	NA
"SPeec5"	"0.99"	0.67888901166382	74	1107	1107	8	0.006817723	NA	NA
"SPeec5"	"campo_medio"	0.67888901166382	74	1107	1107	59	NA	17.7992327926216	0.9999
"SPpecb1"	"0.25"	0.992253133238622	221	1123.73046875	11507	0	0.002194278	NA	NA
"SPpecb1"	"0.5"	0.992253133238622	221	1123.73046875	11507	57	0.001915022	NA	NA
"SPpecb1"	"0.55"	0.992253133238622	221	1123.73046875	11507	54	0.001990502	NA	NA
"SPpecb1"	"0.6"	0.992253133238622	221	1123.73046875	11507	57	0.00195811	NA	NA
"SPpecb1"	"0.65"	0.992253133238622	221	1123.73046875	11507	54	0.001926772	NA	NA
"SPpecb1"	"0.7"	0.992253133238622	221	1123.73046875	11507	66	0.001961096	NA	NA
"SPpecb1"	"0.75"	0.992253133238622	221	1123.73046875	11507	99	0.001796966	NA	NA
"SPpecb1"	"0.8"	0.992253133238622	221	1123.73046875	11507	94	0.00174385	NA	NA
"SPpecb1"	"0.85"	0.992253133238622	221	1123.73046875	11507	94	0.001783974	NA	NA
"SPpecb1"	"0.9"	0.992253133238622	221	1123.73046875	11507	98	0.001799833	NA	NA
"SPpecb1"	"0.95"	0.992253133238622	221	1123.73046875	11507	97	0.001740116	NA	NA
"SPpecb1"	"0.99"	0.992253133238622	221	1123.73046875	11507	98	0.001775266	NA	NA
"SPpecb1"	"campo_medio"	0.992253133238622	221	1123.73046875	11507	98	NA	59.0334052717123	0.0753901159141262
"SPpei1"	"0.25"	0.969241860061788	165	1545.45454545455	3060	100	0.006483188	NA	NA
"SPpei1"	"0.5"	0.969241860061788	165	1545.45454545455	3060	99	0.006577866	NA	NA
"SPpei1"	"0.55"	0.969241860061788	165	1545.45454545455	3060	99	0.006387466	NA	NA
"SPpei1"	"0.6"	0.969241860061788	165	1545.45454545455	3060	97	0.006494012	NA	NA
"SPpei1"	"0.65"	0.969241860061788	165	1545.45454545455	3060	95	0.006889882	NA	NA
"SPpei1"	"0.7"	0.969241860061788	165	1545.45454545455	3060	96	0.006498292	NA	NA
"SPpei1"	"0.75"	0.969241860061788	165	1545.45454545455	3060	98	0.006554207	NA	NA
"SPpei1"	"0.8"	0.969241860061788	165	1545.45454545455	3060	94	0.006746994	NA	NA
"SPpei1"	"0.85"	0.969241860061788	165	1545.45454545455	3060	94	0.006445226	NA	NA
"SPpei1"	"0.9"	0.969241860061788	165	1545.45454545455	3060	91	0.006498596	NA	NA
"SPpei1"	"0.95"	0.969241860061788	165	1545.45454545455	3060	94	0.006428033	NA	NA
"SPpei1"	"0.99"	0.969241860061788	165	1545.45454545455	3060	96	0.003542181	NA	NA
"SPpei1"	"campo_medio"	0.969241860061788	165	1545.45454545455	3060	98	NA	37.3314060033912	0.9999
"SPpesm6"	"0.25"	0.629775694761977	87	1891	1891	97	0.008765196	NA	NA
"SPpesm6"	"0.5"	0.629775694761977	87	1891	1891	100	0.00744669	NA	NA
"SPpesm6"	"0.55"	0.629775694761977	87	1891	1891	100	0.007140676	NA	NA
"SPpesm6"	"0.6"	0.629775694761977	87	1891	1891	87	0.004276242	NA	NA
"SPpesm6"	"0.65"	0.629775694761977	87	1891	1891	86	0.004649474	NA	NA
"SPpesm6"	"0.7"	0.629775694761977	87	1891	1891	89	0.004584132	NA	NA
"SPpesm6"	"0.75"	0.629775694761977	87	1891	1891	92	0.004578112	NA	NA
"SPpesm6"	"0.8"	0.629775694761977	87	1891	1891	94	0.004817252	NA	NA
"SPpesm6"	"0.85"	0.629775694761977	87	1891	1891	94	0.004626657	NA	NA
"SPpesm6"	"0.9"	0.629775694761977	87	1891	1891	95	0.004847725	NA	NA
"SPpesm6"	"0.95"	0.629775694761977	87	1891	1891	95	0.004784842	NA	NA
"SPpesm6"	"0.99"	0.629775694761977	87	1891	1891	90	0.002200528	NA	NA
"SPpesm6"	"campo_medio"	0.629775694761977	87	1891	1891	97	NA	18.8327252833152	0.9999
"SPpesmA"	"0.25"	0.658259844116084	84	1670	1670	98	0.006837099	NA	NA
"SPpesmA"	"0.5"	0.658259844116084	84	1670	1670	100	0.00582365	NA	NA
"SPpesmA"	"0.55"	0.658259844116084	84	1670	1670	100	0.00592127	NA	NA
"SPpesmA"	"0.6"	0.658259844116084	84	1670	1670	92	0.00484858	NA	NA
"SPpesmA"	"0.65"	0.658259844116084	84	1670	1670	94	0.004921382	NA	NA
"SPpesmA"	"0.7"	0.658259844116084	84	1670	1670	95	0.005381666	NA	NA
"SPpesmA"	"0.75"	0.658259844116084	84	1670	1670	97	0.005204072	NA	NA
"SPpesmA"	"0.8"	0.658259844116084	84	1670	1670	93	0.005027391	NA	NA
"SPpesmA"	"0.85"	0.658259844116084	84	1670	1670	90	0.004942677	NA	NA
"SPpesmA"	"0.9"	0.658259844116084	84	1670	1670	90	0.004875692	NA	NA
"SPpesmA"	"0.95"	0.658259844116084	84	1670	1670	91	0.004823614	NA	NA
"SPpesmA"	"0.99"	0.658259844116084	84	1670	1670	100	0.002862707	NA	NA
"SPpesmA"	"campo_medio"	0.658259844116084	84	1670	1670	100	NA	18.63816879783	0.9999
"SPpesmB"	"0.25"	0.978518078724858	132	1076	1076	87	0.01106526	NA	NA
"SPpesmB"	"0.5"	0.978518078724858	132	1076	1076	92	0.01768734	NA	NA
"SPpesmB"	"0.55"	0.978518078724858	132	1076	1076	94	0.01774002	NA	NA
"SPpesmB"	"0.6"	0.978518078724858	132	1076	1076	93	0.01798834	NA	NA
"SPpesmB"	"0.65"	0.978518078724858	132	1076	1076	94	0.01783027	NA	NA
"SPpesmB"	"0.7"	0.978518078724858	132	1076	1076	91	0.0175555	NA	NA
"SPpesmB"	"0.75"	0.978518078724858	132	1076	1076	90	0.02007696	NA	NA
"SPpesmB"	"0.8"	0.978518078724858	132	1076	1076	85	0.02006272	NA	NA
"SPpesmB"	"0.85"	0.978518078724858	132	1076	1076	83	0.01999994	NA	NA
"SPpesmB"	"0.9"	0.978518078724858	132	1076	1076	86	0.0202128	NA	NA
"SPpesmB"	"0.95"	0.978518078724858	132	1076	1076	91	0.02068581	NA	NA
"SPpesmB"	"0.99"	0.978518078724858	132	1076	1076	85	0.02028502	NA	NA
"SPpesmB"	"campo_medio"	0.978518078724858	132	1076	1076	99	NA	39.4950005111552	0.9999
"SPpesmC"	"0.25"	0.983950458881778	107	1061	1061	100	0.007368358	NA	NA
"SPpesmC"	"0.5"	0.983950458881778	107	1061	1061	99	0.01191787	NA	NA
"SPpesmC"	"0.55"	0.983950458881778	107	1061	1061	100	0.01216504	NA	NA
"SPpesmC"	"0.6"	0.983950458881778	107	1061	1061	100	0.01158334	NA	NA
"SPpesmC"	"0.65"	0.983950458881778	107	1061	1061	100	0.0121323	NA	NA
"SPpesmC"	"0.7"	0.983950458881778	107	1061	1061	100	0.01212789	NA	NA
"SPpesmC"	"0.75"	0.983950458881778	107	1061	1061	100	0.01407423	NA	NA
"SPpesmC"	"0.8"	0.983950458881778	107	1061	1061	100	0.01400994	NA	NA
"SPpesmC"	"0.85"	0.983950458881778	107	1061	1061	99	0.01312389	NA	NA
"SPpesmC"	"0.9"	0.983950458881778	107	1061	1061	99	0.01368892	NA	NA
"SPpesmC"	"0.95"	0.983950458881778	107	1061	1061	100	0.01366978	NA	NA
"SPpesmC"	"0.99"	0.983950458881778	107	1061	1061	99	0.01362067	NA	NA
"SPpesmC"	"campo_medio"	0.983950458881778	107	1061	1061	100	NA	30.9701597673901	0.80190746480986
"SPpesmD"	"0.25"	0.988788711304557	148	1262	1262	32	0.01046919	NA	NA
"SPpesmD"	"0.5"	0.988788711304557	148	1262	1262	47	0.01712566	NA	NA
"SPpesmD"	"0.55"	0.988788711304557	148	1262	1262	40	0.0169147	NA	NA
"SPpesmD"	"0.6"	0.988788711304557	148	1262	1262	41	0.01645642	NA	NA
"SPpesmD"	"0.65"	0.988788711304557	148	1262	1262	45	0.01702524	NA	NA
"SPpesmD"	"0.7"	0.988788711304557	148	1262	1262	41	0.0201148	NA	NA
"SPpesmD"	"0.75"	0.988788711304557	148	1262	1262	36	0.01845577	NA	NA
"SPpesmD"	"0.8"	0.988788711304557	148	1262	1262	30	0.01884694	NA	NA
"SPpesmD"	"0.85"	0.988788711304557	148	1262	1262	43	0.0190421	NA	NA
"SPpesmD"	"0.9"	0.988788711304557	148	1262	1262	43	0.01941633	NA	NA
"SPpesmD"	"0.95"	0.988788711304557	148	1262	1262	34	0.01920788	NA	NA
"SPpesmD"	"0.99"	0.988788711304557	148	1262	1262	49	0.02018479	NA	NA
"SPpesmD"	"campo_medio"	0.988788711304557	148	1262	1262	78	NA	43.4711096972198	0.9999
"SPpesmE"	"0.25"	0.994366533447583	138	1225	1225	98	0.009752718	NA	NA
"SPpesmE"	"0.5"	0.994366533447583	138	1225	1225	99	0.01670084	NA	NA
"SPpesmE"	"0.55"	0.994366533447583	138	1225	1225	100	0.01797758	NA	NA
"SPpesmE"	"0.6"	0.994366533447583	138	1225	1225	95	0.01586392	NA	NA
"SPpesmE"	"0.65"	0.994366533447583	138	1225	1225	98	0.0145447	NA	NA
"SPpesmE"	"0.7"	0.994366533447583	138	1225	1225	99	0.01679806	NA	NA
"SPpesmE"	"0.75"	0.994366533447583	138	1225	1225	99	0.01781102	NA	NA
"SPpesmE"	"0.8"	0.994366533447583	138	1225	1225	99	0.01722937	NA	NA
"SPpesmE"	"0.85"	0.994366533447583	138	1225	1225	98	0.01744058	NA	NA
"SPpesmE"	"0.9"	0.994366533447583	138	1225	1225	100	0.01787644	NA	NA
"SPpesmE"	"0.95"	0.994366533447583	138	1225	1225	99	0.01780794	NA	NA
"SPpesmE"	"0.99"	0.994366533447583	138	1225	1225	98	0.01705144	NA	NA
"SPpesmE"	"campo_medio"	0.994366533447583	138	1225	1225	99	NA	40.1825859332807	0.96651102033328
"SPpesmF"	"0.25"	0.977848996135357	98	1360	1360	97	0.00521411	NA	NA
"SPpesmF"	"0.5"	0.977848996135357	98	1360	1360	89	0.00666059	NA	NA
"SPpesmF"	"0.55"	0.977848996135357	98	1360	1360	87	0.006515054	NA	NA
"SPpesmF"	"0.6"	0.977848996135357	98	1360	1360	86	0.006933401	NA	NA
"SPpesmF"	"0.65"	0.977848996135357	98	1360	1360	86	0.00698788	NA	NA
"SPpesmF"	"0.7"	0.977848996135357	98	1360	1360	89	0.008973686	NA	NA
"SPpesmF"	"0.75"	0.977848996135357	98	1360	1360	91	0.008107595	NA	NA
"SPpesmF"	"0.8"	0.977848996135357	98	1360	1360	85	0.007843122	NA	NA
"SPpesmF"	"0.85"	0.977848996135357	98	1360	1360	80	0.008203606	NA	NA
"SPpesmF"	"0.9"	0.977848996135357	98	1360	1360	84	0.008348991	NA	NA
"SPpesmF"	"0.95"	0.977848996135357	98	1360	1360	79	0.00806464	NA	NA
"SPpesmF"	"0.99"	0.977848996135357	98	1360	1360	83	0.004365439	NA	NA
"SPpesmF"	"campo_medio"	0.977848996135357	98	1360	1360	96	NA	24.2117140060044	0.9999
"SPpesmG"	"0.25"	0.998040177040466	148	1494	1494	85	0.01057078	NA	NA
"SPpesmG"	"0.5"	0.998040177040466	148	1494	1494	94	0.01289136	NA	NA
"SPpesmG"	"0.55"	0.998040177040466	148	1494	1494	93	0.01323684	NA	NA
"SPpesmG"	"0.6"	0.998040177040466	148	1494	1494	94	0.01315256	NA	NA
"SPpesmG"	"0.65"	0.998040177040466	148	1494	1494	89	0.01518892	NA	NA
"SPpesmG"	"0.7"	0.998040177040466	148	1494	1494	87	0.01450379	NA	NA
"SPpesmG"	"0.75"	0.998040177040466	148	1494	1494	89	0.01453559	NA	NA
"SPpesmG"	"0.8"	0.998040177040466	148	1494	1494	86	0.01521563	NA	NA
"SPpesmG"	"0.85"	0.998040177040466	148	1494	1494	86	0.01473135	NA	NA
"SPpesmG"	"0.9"	0.998040177040466	148	1494	1494	86	0.01496547	NA	NA
"SPpesmG"	"0.95"	0.998040177040466	148	1494	1494	87	0.01551239	NA	NA
"SPpesmG"	"0.99"	0.998040177040466	148	1494	1494	84	0.007996659	NA	NA
"SPpesmG"	"campo_medio"	0.998040177040466	148	1494	1494	96	NA	40.7689757139759	0.9999
"SPpesmI"	"0.25"	0.999741863075196	186	1963	1963	100	0.0113542	NA	NA
"SPpesmI"	"0.5"	0.999741863075196	186	1963	1963	100	0.0138893	NA	NA
"SPpesmI"	"0.55"	0.999741863075196	186	1963	1963	100	0.01301683	NA	NA
"SPpesmI"	"0.6"	0.999741863075196	186	1963	1963	98	0.01430787	NA	NA
"SPpesmI"	"0.65"	0.999741863075196	186	1963	1963	99	0.01472005	NA	NA
"SPpesmI"	"0.7"	0.999741863075196	186	1963	1963	100	0.01466292	NA	NA
"SPpesmI"	"0.75"	0.999741863075196	186	1963	1963	100	0.014594	NA	NA
"SPpesmI"	"0.8"	0.999741863075196	186	1963	1963	100	0.01490865	NA	NA
"SPpesmI"	"0.85"	0.999741863075196	186	1963	1963	100	0.01479775	NA	NA
"SPpesmI"	"0.9"	0.999741863075196	186	1963	1963	100	0.01495372	NA	NA
"SPpesmI"	"0.95"	0.999741863075196	186	1963	1963	96	0.01432514	NA	NA
"SPpesmI"	"0.99"	0.999741863075196	186	1963	1963	100	0.007840958	NA	NA
"SPpesmI"	"campo_medio"	0.999741863075196	186	1963	1963	100	NA	53.9259152392114	0.69262835949568
"SPpesmJ"	"0.25"	0.999736929472974	187	1742	1742	100	0.01251166	NA	NA
"SPpesmJ"	"0.5"	0.999736929472974	187	1742	1742	100	0.01535225	NA	NA
"SPpesmJ"	"0.55"	0.999736929472974	187	1742	1742	100	0.01654502	NA	NA
"SPpesmJ"	"0.6"	0.999736929472974	187	1742	1742	100	0.01696747	NA	NA
"SPpesmJ"	"0.65"	0.999736929472974	187	1742	1742	99	0.01781273	NA	NA
"SPpesmJ"	"0.7"	0.999736929472974	187	1742	1742	100	0.01731717	NA	NA
"SPpesmJ"	"0.75"	0.999736929472974	187	1742	1742	98	0.01841908	NA	NA
"SPpesmJ"	"0.8"	0.999736929472974	187	1742	1742	100	0.01793925	NA	NA
"SPpesmJ"	"0.85"	0.999736929472974	187	1742	1742	100	0.01779657	NA	NA
"SPpesmJ"	"0.9"	0.999736929472974	187	1742	1742	100	0.01771393	NA	NA
"SPpesmJ"	"0.95"	0.999736929472974	187	1742	1742	100	0.01755597	NA	NA
"SPpesmJ"	"0.99"	0.999736929472974	187	1742	1742	100	0.009607395	NA	NA
"SPpesmJ"	"campo_medio"	0.999736929472974	187	1742	1742	100	NA	62.502424755875	0.474396516900524
"SPpesmK"	"0.25"	1	162	1796	1796	63	0.009604437	NA	NA
"SPpesmK"	"0.5"	1	162	1796	1796	74	0.01166035	NA	NA
"SPpesmK"	"0.55"	1	162	1796	1796	80	0.01229214	NA	NA
"SPpesmK"	"0.6"	1	162	1796	1796	71	0.01374134	NA	NA
"SPpesmK"	"0.65"	1	162	1796	1796	69	0.01367872	NA	NA
"SPpesmK"	"0.7"	1	162	1796	1796	67	0.01363743	NA	NA
"SPpesmK"	"0.75"	1	162	1796	1796	64	0.01305111	NA	NA
"SPpesmK"	"0.8"	1	162	1796	1796	72	0.01330371	NA	NA
"SPpesmK"	"0.85"	1	162	1796	1796	72	0.01340701	NA	NA
"SPpesmK"	"0.9"	1	162	1796	1796	65	0.01308287	NA	NA
"SPpesmK"	"0.95"	1	162	1796	1796	73	0.01343834	NA	NA
"SPpesmK"	"0.99"	1	162	1796	1796	73	0.007137206	NA	NA
"SPpesmK"	"campo_medio"	1	162	1796	1796	85	NA	43.0630623664261	0.9999
