"SiteCode"	"kernel_percentil"	"p"	"S"	"DA"	"J"	"sd_k"	"U"	"GOF"	"theta"	"m"
"BAjuss"	"0.25"	0.859421049020215	182	1198	1198	5.29395555996236	0.01592218	100	NA	NA
"BAjuss"	"0.5"	0.859421049020215	182	1198	1198	3.02143175561715	0.02705866	100	NA	NA
"BAjuss"	"0.55"	0.859421049020215	182	1198	1198	2.75121012650216	0.0258233	100	NA	NA
"BAjuss"	"0.6"	0.859421049020215	182	1198	1198	2.49659303786903	0.0263961	100	NA	NA
"BAjuss"	"0.65"	0.859421049020215	182	1198	1198	2.2852641963187	0.02581922	100	NA	NA
"BAjuss"	"0.7"	0.859421049020215	182	1198	1198	2.07092033228581	0.02775694	99	NA	NA
"BAjuss"	"0.75"	0.859421049020215	182	1198	1198	1.87208851299485	0.02910278	99	NA	NA
"BAjuss"	"0.8"	0.859421049020215	182	1198	1198	1.68254139020012	0.02938566	100	NA	NA
"BAjuss"	"0.85"	0.859421049020215	182	1198	1198	1.4934140216617	0.0296357	100	NA	NA
"BAjuss"	"0.9"	0.859421049020215	182	1198	1198	1.29103575534734	0.03024154	100	NA	NA
"BAjuss"	"0.95"	0.859421049020215	182	1198	1198	1.05858805874951	0.03069548	100	NA	NA
"BAjuss"	"0.99"	0.859421049020215	182	1198	1198	0.740401994717436	0.03038556	100	NA	NA
"BAjuss"	"campo_medio"	0.859421049020215	182	1198	1198	NA	NA	100	63.830650764572	0.747416769590715
"BAlenc4"	"0.25"	0.159514416903022	61	866.990291262136	893	6.2581166218205	0.0136963	63	NA	NA
"BAlenc4"	"0.5"	0.159514416903022	61	866.990291262136	893	3.54385375150167	0.01303892	79	NA	NA
"BAlenc4"	"0.55"	0.159514416903022	61	866.990291262136	893	3.22901806095574	0.0111799	94	NA	NA
"BAlenc4"	"0.6"	0.159514416903022	61	866.990291262136	893	2.94545454795078	0.01197783	96	NA	NA
"BAlenc4"	"0.65"	0.159514416903022	61	866.990291262136	893	2.67596948857505	0.01222075	93	NA	NA
"BAlenc4"	"0.7"	0.159514416903022	61	866.990291262136	893	2.43439363154225	0.01204682	92	NA	NA
"BAlenc4"	"0.75"	0.159514416903022	61	866.990291262136	893	2.20072446199996	0.01104252	93	NA	NA
"BAlenc4"	"0.8"	0.159514416903022	61	866.990291262136	893	1.97894939096012	0.008657614	100	NA	NA
"BAlenc4"	"0.85"	0.159514416903022	61	866.990291262136	893	1.7523222500608	0.008622259	100	NA	NA
"BAlenc4"	"0.9"	0.159514416903022	61	866.990291262136	893	1.51895010735186	0.008627131	100	NA	NA
"BAlenc4"	"0.95"	0.159514416903022	61	866.990291262136	893	1.23439949060233	0.008031126	100	NA	NA
"BAlenc4"	"0.99"	0.159514416903022	61	866.990291262136	893	0.868743861153187	0.008212588	100	NA	NA
"BAlenc4"	"campo_medio"	0.159514416903022	61	866.990291262136	893	NA	NA	100	19.9460335000054	0.232027208557911
"BAuruc"	"0.25"	0.769444718591026	230	1784	1784	4.34911988609484	0.01919674	100	NA	NA
"BAuruc"	"0.5"	0.769444718591026	230	1784	1784	2.48717448407954	0.02215624	99	NA	NA
"BAuruc"	"0.55"	0.769444718591026	230	1784	1784	2.25459735826264	0.02174406	100	NA	NA
"BAuruc"	"0.6"	0.769444718591026	230	1784	1784	2.04798397774527	0.02434484	100	NA	NA
"BAuruc"	"0.65"	0.769444718591026	230	1784	1784	1.86894183032752	0.0233147	98	NA	NA
"BAuruc"	"0.7"	0.769444718591026	230	1784	1784	1.69179396108449	0.02489408	100	NA	NA
"BAuruc"	"0.75"	0.769444718591026	230	1784	1784	1.53736261203975	0.02395602	99	NA	NA
"BAuruc"	"0.8"	0.769444718591026	230	1784	1784	1.38229919805857	0.02421173	99	NA	NA
"BAuruc"	"0.85"	0.769444718591026	230	1784	1784	1.22345421144872	0.02305882	100	NA	NA
"BAuruc"	"0.9"	0.769444718591026	230	1784	1784	1.05863875168664	0.02305592	99	NA	NA
"BAuruc"	"0.95"	0.769444718591026	230	1784	1784	0.855277446549211	0.0233634	99	NA	NA
"BAuruc"	"0.99"	0.769444718591026	230	1784	1784	0.60526482681386	0.01260902	99	NA	NA
"BAuruc"	"campo_medio"	0.769444718591026	230	1784	1784	NA	NA	100	78.895681945609	0.603922316701086
"ESsoor"	"0.25"	1	226	1468	1468	4.78669098184422	0.02523688	100	NA	NA
"ESsoor"	"0.5"	1	226	1468	1468	2.72692907168088	0.02723905	98	NA	NA
"ESsoor"	"0.55"	1	226	1468	1468	2.4772349699	0.02938896	100	NA	NA
"ESsoor"	"0.6"	1	226	1468	1468	2.26459907703493	0.02646914	98	NA	NA
"ESsoor"	"0.65"	1	226	1468	1468	2.06118940355428	0.03020272	100	NA	NA
"ESsoor"	"0.7"	1	226	1468	1468	1.86951467878243	0.03197059	100	NA	NA
"ESsoor"	"0.75"	1	226	1468	1468	1.69189083653895	0.03056559	100	NA	NA
"ESsoor"	"0.8"	1	226	1468	1468	1.51819753849009	0.03120466	100	NA	NA
"ESsoor"	"0.85"	1	226	1468	1468	1.34243224928188	0.03097963	99	NA	NA
"ESsoor"	"0.9"	1	226	1468	1468	1.16380278263457	0.03135496	100	NA	NA
"ESsoor"	"0.95"	1	226	1468	1468	0.946921626609083	0.03160253	99	NA	NA
"ESsoor"	"0.99"	1	226	1468	1468	0.662264944152733	0.01710153	100	NA	NA
"ESsoor"	"campo_medio"	1	226	1468	1468	NA	NA	100	85.1060426768275	0.596327834817066
"MGarap1"	"0.25"	0.728749442631224	92	2080	2080	4.02302948345674	0.003375713	66	NA	NA
"MGarap1"	"0.5"	0.728749442631224	92	2080	2080	2.2934883158178	0.004105701	53	NA	NA
"MGarap1"	"0.55"	0.728749442631224	92	2080	2080	2.09228021289514	0.004588384	55	NA	NA
"MGarap1"	"0.6"	0.728749442631224	92	2080	2080	1.89959962513525	0.004276538	47	NA	NA
"MGarap1"	"0.65"	0.728749442631224	92	2080	2080	1.72972605512572	0.004297878	45	NA	NA
"MGarap1"	"0.7"	0.728749442631224	92	2080	2080	1.57996447668081	0.004126534	38	NA	NA
"MGarap1"	"0.75"	0.728749442631224	92	2080	2080	1.42235614384459	0.00404552	44	NA	NA
"MGarap1"	"0.8"	0.728749442631224	92	2080	2080	1.27381172936718	0.004178105	49	NA	NA
"MGarap1"	"0.85"	0.728749442631224	92	2080	2080	1.13431707090679	0.004495772	53	NA	NA
"MGarap1"	"0.9"	0.728749442631224	92	2080	2080	0.975688854428472	0.004281329	43	NA	NA
"MGarap1"	"0.95"	0.728749442631224	92	2080	2080	0.793629882580749	0.004083694	45	NA	NA
"MGarap1"	"campo_medio"	0.728749442631224	92	2080	2080	NA	NA	94	19.5532171134246	0.998993365100629
"MGarap1"	"0.99"	0.728749442631224	92	2080	2080	0.56012339505749	0.0023688	59	NA	NA
"MGperd1"	"0.25"	0.806018045548929	127	2470.83333333333	2965	3.68725827579573	0.003849147	99	NA	NA
"MGperd1"	"0.5"	0.806018045548929	127	2470.83333333333	2965	2.10390740865423	0.004353996	100	NA	NA
"MGperd1"	"0.55"	0.806018045548929	127	2470.83333333333	2965	1.92237494296613	0.004568088	100	NA	NA
"MGperd1"	"0.6"	0.806018045548929	127	2470.83333333333	2965	1.74601594815977	0.004430136	100	NA	NA
"MGperd1"	"0.65"	0.806018045548929	127	2470.83333333333	2965	1.59209841576033	0.004245395	100	NA	NA
"MGperd1"	"0.7"	0.806018045548929	127	2470.83333333333	2965	1.43628220349137	0.004571628	100	NA	NA
"MGperd1"	"0.75"	0.806018045548929	127	2470.83333333333	2965	1.30602271861154	0.004475731	100	NA	NA
"MGperd1"	"0.8"	0.806018045548929	127	2470.83333333333	2965	1.16809949045112	0.0044538	100	NA	NA
"MGperd1"	"0.85"	0.806018045548929	127	2470.83333333333	2965	1.03451808730502	0.00455805	100	NA	NA
"MGperd1"	"0.9"	0.806018045548929	127	2470.83333333333	2965	0.905395819212592	0.004572111	100	NA	NA
"MGperd1"	"0.95"	0.806018045548929	127	2470.83333333333	2965	0.735809900561453	0.004576079	100	NA	NA
"MGperd1"	"0.99"	0.806018045548929	127	2470.83333333333	2965	0.515276499061237	0.00240896	100	NA	NA
"MGperd1"	"campo_medio"	0.806018045548929	127	2470.83333333333	2965	NA	NA	99	32.9653869989367	0.289405194287228
"MGuberl1"	"0.25"	0.234288719011765	87	1253.63636363636	1379	5.16257853926539	0.01521829	61	NA	NA
"MGuberl1"	"0.5"	0.234288719011765	87	1253.63636363636	1379	2.95985278384627	0.01306742	94	NA	NA
"MGuberl1"	"0.55"	0.234288719011765	87	1253.63636363636	1379	2.69775401799821	0.01334392	94	NA	NA
"MGuberl1"	"0.6"	0.234288719011765	87	1253.63636363636	1379	2.4521908217321	0.01273444	93	NA	NA
"MGuberl1"	"0.65"	0.234288719011765	87	1253.63636363636	1379	2.22983313346812	0.01239248	96	NA	NA
"MGuberl1"	"0.7"	0.234288719011765	87	1253.63636363636	1379	2.02396105405356	0.008678674	99	NA	NA
"MGuberl1"	"0.75"	0.234288719011765	87	1253.63636363636	1379	1.82525269306769	0.009257418	100	NA	NA
"MGuberl1"	"0.8"	0.234288719011765	87	1253.63636363636	1379	1.65583723799593	0.00920161	100	NA	NA
"MGuberl1"	"0.85"	0.234288719011765	87	1253.63636363636	1379	1.45870833577201	0.009099906	100	NA	NA
"MGuberl1"	"0.9"	0.234288719011765	87	1253.63636363636	1379	1.26747048889192	0.009086849	100	NA	NA
"MGuberl1"	"0.95"	0.234288719011765	87	1253.63636363636	1379	1.02040304039515	0.008872836	100	NA	NA
"MGuberl1"	"0.99"	0.234288719011765	87	1253.63636363636	1379	0.727063782778486	0.008640807	100	NA	NA
"MGuberl1"	"campo_medio"	0.234288719011765	87	1253.63636363636	1379	NA	NA	100	21.2592678135245	0.79463652636971
"MGuberl3"	"0.25"	0.0180417237953712	85	975	975	5.87875916245522	0.01624546	85	NA	NA
"MGuberl3"	"0.5"	0.0180417237953712	85	975	975	3.34931778154722	0.01356322	100	NA	NA
"MGuberl3"	"0.55"	0.0180417237953712	85	975	975	3.05858875381495	0.01348462	100	NA	NA
"MGuberl3"	"0.6"	0.0180417237953712	85	975	975	2.76881752368366	0.0135255	100	NA	NA
"MGuberl3"	"0.65"	0.0180417237953712	85	975	975	2.52191246380561	0.0133261	99	NA	NA
"MGuberl3"	"0.7"	0.0180417237953712	85	975	975	2.29516138387002	0.013141	100	NA	NA
"MGuberl3"	"0.75"	0.0180417237953712	85	975	975	2.07514252443466	0.01109062	100	NA	NA
"MGuberl3"	"0.8"	0.0180417237953712	85	975	975	1.85951040849012	0.0113427	100	NA	NA
"MGuberl3"	"0.85"	0.0180417237953712	85	975	975	1.65725474412986	0.01096139	100	NA	NA
"MGuberl3"	"0.9"	0.0180417237953712	85	975	975	1.42550204806965	0.01125482	100	NA	NA
"MGuberl3"	"0.95"	0.0180417237953712	85	975	975	1.16338983030628	0.01135866	100	NA	NA
"MGuberl3"	"0.99"	0.0180417237953712	85	975	975	0.823302290538361	0.01139896	100	NA	NA
"MGuberl3"	"campo_medio"	0.0180417237953712	85	975	975	NA	NA	100	22.7590720614964	0.870621680717201
"MGuberl5"	"0.25"	0.00742437918995731	68	957	957	5.95315928663749	0.01704838	24	NA	NA
"MGuberl5"	"0.5"	0.00742437918995731	68	957	957	3.35333919955092	0.01445168	77	NA	NA
"MGuberl5"	"0.55"	0.00742437918995731	68	957	957	3.07430666829627	0.01421741	79	NA	NA
"MGuberl5"	"0.6"	0.00742437918995731	68	957	957	2.79945494675426	0.01415868	81	NA	NA
"MGuberl5"	"0.65"	0.00742437918995731	68	957	957	2.54261591959204	0.01525761	73	NA	NA
"MGuberl5"	"0.7"	0.00742437918995731	68	957	957	2.30438977232774	0.0137903	79	NA	NA
"MGuberl5"	"0.75"	0.00742437918995731	68	957	957	2.09184637791	0.01147063	99	NA	NA
"MGuberl5"	"0.8"	0.00742437918995731	68	957	957	1.88336235843013	0.01142943	99	NA	NA
"MGuberl5"	"0.85"	0.00742437918995731	68	957	957	1.66355452804946	0.010674457	97	NA	NA
"MGuberl5"	"0.9"	0.00742437918995731	68	957	957	1.43595064312487	0.01126317	99	NA	NA
"MGuberl5"	"0.95"	0.00742437918995731	68	957	957	1.18217389994767	0.01145925	98	NA	NA
"MGuberl5"	"0.99"	0.00742437918995731	68	957	957	0.833150999721289	0.01105966	100	NA	NA
"MGuberl5"	"campo_medio"	0.00742437918995731	68	957	957	NA	NA	100	23.7229843987744	0.200062953190462
"MGuberl7"	"0.25"	0.0485476800383076	73	945	945	5.95151799736327	0.01945092	82	NA	NA
"MGuberl7"	"0.5"	0.0485476800383076	73	945	945	3.40047465444118	0.01572736	100	NA	NA
"MGuberl7"	"0.55"	0.0485476800383076	73	945	945	3.09690415888068	0.01531494	100	NA	NA
"MGuberl7"	"0.6"	0.0485476800383076	73	945	945	2.80865798579652	0.01527667	100	NA	NA
"MGuberl7"	"0.65"	0.0485476800383076	73	945	945	2.56490713456987	0.0159016	100	NA	NA
"MGuberl7"	"0.7"	0.0485476800383076	73	945	945	2.33723917280665	0.01537276	100	NA	NA
"MGuberl7"	"0.75"	0.0485476800383076	73	945	945	2.10294546963662	0.01163395	100	NA	NA
"MGuberl7"	"0.8"	0.0485476800383076	73	945	945	1.88939870895686	0.01233971	99	NA	NA
"MGuberl7"	"0.85"	0.0485476800383076	73	945	945	1.6829910071916	0.01224789	95	NA	NA
"MGuberl7"	"0.9"	0.0485476800383076	73	945	945	1.4553316273072	0.0119025	99	NA	NA
"MGuberl7"	"0.95"	0.0485476800383076	73	945	945	1.18947720727151	0.01202579	97	NA	NA
"MGuberl7"	"0.99"	0.0485476800383076	73	945	945	0.831441874618035	0.01165147	96	NA	NA
"MGuberl7"	"campo_medio"	0.0485476800383076	73	945	945	NA	NA	100	18.3457064691051	0.987244031582958
"MGvico1"	"0.25"	0.23259121186371	93	1825	1825	4.30417786561602	0.01308115	100	NA	NA
"MGvico1"	"0.5"	0.23259121186371	93	1825	1825	2.44737139627666	0.0111099	100	NA	NA
"MGvico1"	"0.55"	0.23259121186371	93	1825	1825	2.22680527840056	0.01116555	99	NA	NA
"MGvico1"	"0.6"	0.23259121186371	93	1825	1825	2.02210831927857	0.007008602	37	NA	NA
"MGvico1"	"0.65"	0.23259121186371	93	1825	1825	1.84027461316153	0.006851549	28	NA	NA
"MGvico1"	"0.7"	0.23259121186371	93	1825	1825	1.67289931738488	0.006496162	30	NA	NA
"MGvico1"	"0.75"	0.23259121186371	93	1825	1825	1.51815934418381	0.006617988	28	NA	NA
"MGvico1"	"0.8"	0.23259121186371	93	1825	1825	1.36457182198493	0.006703771	41	NA	NA
"MGvico1"	"0.85"	0.23259121186371	93	1825	1825	1.19813020737621	0.006764196	30	NA	NA
"MGvico1"	"0.9"	0.23259121186371	93	1825	1825	1.03615341349636	0.007099394	36	NA	NA
"MGvico1"	"0.95"	0.23259121186371	93	1825	1825	0.851237712961055	0.006937794	32	NA	NA
"MGvico1"	"campo_medio"	0.23259121186371	93	1825	1825	NA	NA	78	20.6060733539038	0.999513847037051
"MGvico1"	"0.99"	0.23259121186371	93	1825	1825	0.601536100897279	0.0027627	18	NA	NA
"MGvico16"	"0.25"	0.21847289239375	91	1653	1653	4.52898496481008	0.008790076	100	NA	NA
"MGvico16"	"0.5"	0.21847289239375	91	1653	1653	2.57498911429528	0.008357364	99	NA	NA
"MGvico16"	"0.55"	0.21847289239375	91	1653	1653	2.33755681059084	0.00797962	99	NA	NA
"MGvico16"	"0.6"	0.21847289239375	91	1653	1653	2.12893831494309	0.007907391	99	NA	NA
"MGvico16"	"0.65"	0.21847289239375	91	1653	1653	1.94066769349299	0.006209914	62	NA	NA
"MGvico16"	"0.7"	0.21847289239375	91	1653	1653	1.76949046832563	0.006143932	54	NA	NA
"MGvico16"	"0.75"	0.21847289239375	91	1653	1653	1.59761665542864	0.005861503	60	NA	NA
"MGvico16"	"0.8"	0.21847289239375	91	1653	1653	1.4347471069248	0.005588524	50	NA	NA
"MGvico16"	"0.85"	0.21847289239375	91	1653	1653	1.26414759060142	0.005552716	51	NA	NA
"MGvico16"	"0.9"	0.21847289239375	91	1653	1653	1.09364482924	0.005976762	51	NA	NA
"MGvico16"	"0.95"	0.21847289239375	91	1653	1653	0.898287064777352	0.00596729	63	NA	NA
"MGvico16"	"campo_medio"	0.21847289239375	91	1653	1653	NA	NA	93	20.5850470423502	0.999940584300307
"MGvico16"	"0.99"	0.21847289239375	91	1653	1653	0.637505158681513	0.00439009	96	NA	NA
"MGvico8"	"0.25"	0.313668812302999	195	2303	2303	3.82947532538155	0.01352264	100	NA	NA
"MGvico8"	"0.5"	0.313668812302999	195	2303	2303	2.17481687230037	0.0131298	96	NA	NA
"MGvico8"	"0.55"	0.313668812302999	195	2303	2303	1.98441807416993	0.0135813	84	NA	NA
"MGvico8"	"0.6"	0.313668812302999	195	2303	2303	1.80253923387966	0.01337729	87	NA	NA
"MGvico8"	"0.65"	0.313668812302999	195	2303	2303	1.64724059833367	0.01396009	90	NA	NA
"MGvico8"	"0.7"	0.313668812302999	195	2303	2303	1.48809663942946	0.01359989	90	NA	NA
"MGvico8"	"0.75"	0.313668812302999	195	2303	2303	1.35966537095935	0.01369529	87	NA	NA
"MGvico8"	"0.8"	0.313668812302999	195	2303	2303	1.20394978977024	0.01359712	85	NA	NA
"MGvico8"	"0.85"	0.313668812302999	195	2303	2303	1.07432965180616	0.01315736	78	NA	NA
"MGvico8"	"0.9"	0.313668812302999	195	2303	2303	0.929638884313283	0.01368038	86	NA	NA
"MGvico8"	"0.95"	0.313668812302999	195	2303	2303	0.754828565544793	0.01370478	86	NA	NA
"MGvico8"	"campo_medio"	0.313668812302999	195	2303	2303	NA	NA	99	51.8191028410836	0.878313377277219
"MGvico8"	"0.99"	0.313668812302999	195	2303	2303	0.530085368749465	0.01054827	100	NA	NA
"MSdour"	"0.25"	0.116734787274334	74	1016	1016	5.76373034034623	0.007262443	92	NA	NA
"MSdour"	"0.5"	0.116734787274334	74	1016	1016	3.27353711158607	0.007495516	100	NA	NA
"MSdour"	"0.55"	0.116734787274334	74	1016	1016	2.99035941515404	0.007078159	100	NA	NA
"MSdour"	"0.6"	0.116734787274334	74	1016	1016	2.71438625644153	0.007318171	98	NA	NA
"MSdour"	"0.65"	0.116734787274334	74	1016	1016	2.48042472374955	0.007784726	100	NA	NA
"MSdour"	"0.7"	0.116734787274334	74	1016	1016	2.25429086388393	0.007696668	100	NA	NA
"MSdour"	"0.75"	0.116734787274334	74	1016	1016	2.03197481833076	0.007689732	100	NA	NA
"MSdour"	"0.8"	0.116734787274334	74	1016	1016	1.82161562638002	0.007511956	100	NA	NA
"MSdour"	"0.85"	0.116734787274334	74	1016	1016	1.61142118781619	0.007539615	99	NA	NA
"MSdour"	"0.9"	0.116734787274334	74	1016	1016	1.40097122783865	0.007942902	100	NA	NA
"MSdour"	"0.95"	0.116734787274334	74	1016	1016	1.14284945030182	0.007765301	99	NA	NA
"MSdour"	"0.99"	0.116734787274334	74	1016	1016	0.808092607269233	0.007413074	100	NA	NA
"MSdour"	"campo_medio"	0.116734787274334	74	1016	1016	NA	NA	100	21.5193562581876	0.414235769341117
"PEalia"	"0.25"	0.114091406447269	60	595	595	7.49336510181125	0.01679096	90	NA	NA
"PEalia"	"0.5"	0.114091406447269	60	595	595	4.29593578775808	0.01799061	97	NA	NA
"PEalia"	"0.55"	0.114091406447269	60	595	595	3.89859845659159	0.01804492	98	NA	NA
"PEalia"	"0.6"	0.114091406447269	60	595	595	3.56648404924136	0.01776533	97	NA	NA
"PEalia"	"0.65"	0.114091406447269	60	595	595	3.2359631332288	0.01459772	100	NA	NA
"PEalia"	"0.7"	0.114091406447269	60	595	595	2.94241292786486	0.01464105	100	NA	NA
"PEalia"	"0.75"	0.114091406447269	60	595	595	2.66147389869923	0.01585013	100	NA	NA
"PEalia"	"0.8"	0.114091406447269	60	595	595	2.39345092552449	0.01608925	100	NA	NA
"PEalia"	"0.85"	0.114091406447269	60	595	595	2.10990070112019	0.01332542	100	NA	NA
"PEalia"	"0.9"	0.114091406447269	60	595	595	1.82936038697324	0.0131603	100	NA	NA
"PEalia"	"0.95"	0.114091406447269	60	595	595	1.48773006001497	0.01293331	100	NA	NA
"PEalia"	"0.99"	0.114091406447269	60	595	595	1.05260176121137	0.01312454	100	NA	NA
"PEalia"	"campo_medio"	0.114091406447269	60	595	595	NA	NA	100	18.694842664563	0.544069170512412
"PEmata2"	"0.25"	0.21628955738904	75	1076	1076	5.60921290564963	0.009127734	100	NA	NA
"PEmata2"	"0.5"	0.21628955738904	75	1076	1076	3.1928157895701	0.008219256	94	NA	NA
"PEmata2"	"0.55"	0.21628955738904	75	1076	1076	2.89678829486915	0.008481998	95	NA	NA
"PEmata2"	"0.6"	0.21628955738904	75	1076	1076	2.63888605671261	0.008507147	95	NA	NA
"PEmata2"	"0.65"	0.21628955738904	75	1076	1076	2.40848433930433	0.008498407	98	NA	NA
"PEmata2"	"0.7"	0.21628955738904	75	1076	1076	2.18260598634148	0.008174298	98	NA	NA
"PEmata2"	"0.75"	0.21628955738904	75	1076	1076	1.96821236381603	0.007202114	80	NA	NA
"PEmata2"	"0.8"	0.21628955738904	75	1076	1076	1.76369226281671	0.00711971	78	NA	NA
"PEmata2"	"0.85"	0.21628955738904	75	1076	1076	1.57180916644151	0.00667446	74	NA	NA
"PEmata2"	"0.9"	0.21628955738904	75	1076	1076	1.35794780777642	0.007203475	78	NA	NA
"PEmata2"	"0.95"	0.21628955738904	75	1076	1076	1.11954324956203	0.007069247	72	NA	NA
"PEmata2"	"0.99"	0.21628955738904	75	1076	1076	0.776374374239971	0.007251995	85	NA	NA
"PEmata2"	"campo_medio"	0.21628955738904	75	1076	1076	NA	NA	97	18.1736254233549	0.99987012831315
"PEsvfer"	"0.25"	0.636673590338369	91	1288	1288	5.11105574723164	0.008663558	66	NA	NA
"PEsvfer"	"0.5"	0.636673590338369	91	1288	1288	2.92667377822391	0.008133692	100	NA	NA
"PEsvfer"	"0.55"	0.636673590338369	91	1288	1288	2.64851215367041	0.00829563	100	NA	NA
"PEsvfer"	"0.6"	0.636673590338369	91	1288	1288	2.40218064522054	0.007902782	100	NA	NA
"PEsvfer"	"0.65"	0.636673590338369	91	1288	1288	2.19132042120694	0.007660924	99	NA	NA
"PEsvfer"	"0.7"	0.636673590338369	91	1288	1288	2.00067284303581	0.00786774	100	NA	NA
"PEsvfer"	"0.75"	0.636673590338369	91	1288	1288	1.80273485028049	0.007693188	100	NA	NA
"PEsvfer"	"0.8"	0.636673590338369	91	1288	1288	1.62943098821278	0.007601071	100	NA	NA
"PEsvfer"	"0.85"	0.636673590338369	91	1288	1288	1.44313471407013	0.007381095	100	NA	NA
"PEsvfer"	"0.9"	0.636673590338369	91	1288	1288	1.23974246618856	0.008002487	100	NA	NA
"PEsvfer"	"0.95"	0.636673590338369	91	1288	1288	1.01396043389039	0.007708854	100	NA	NA
"PEsvfer"	"0.99"	0.636673590338369	91	1288	1288	0.710608770379455	0.007634016	100	NA	NA
"PEsvfer"	"campo_medio"	0.636673590338369	91	1288	1288	NA	NA	100	31.0621422471849	0.21365673229643
"PRanto10"	"0.25"	0.923024383580357	132	1877	1877	4.21658589302401	0.006134134	40	NA	NA
"PRanto10"	"0.5"	0.923024383580357	132	1877	1877	2.40972459664002	0.008012732	42	NA	NA
"PRanto10"	"0.55"	0.923024383580357	132	1877	1877	2.20330743220509	0.008316274	42	NA	NA
"PRanto10"	"0.6"	0.923024383580357	132	1877	1877	2.00160365921508	0.008873388	24	NA	NA
"PRanto10"	"0.65"	0.923024383580357	132	1877	1877	1.81886514435142	0.009167942	27	NA	NA
"PRanto10"	"0.7"	0.923024383580357	132	1877	1877	1.65485303219963	0.009296236	30	NA	NA
"PRanto10"	"0.75"	0.923024383580357	132	1877	1877	1.50546746818252	0.00881231	27	NA	NA
"PRanto10"	"0.8"	0.923024383580357	132	1877	1877	1.34354853268595	0.008996096	27	NA	NA
"PRanto10"	"0.85"	0.923024383580357	132	1877	1877	1.19034365882326	0.00861658	31	NA	NA
"PRanto10"	"0.9"	0.923024383580357	132	1877	1877	1.02237832798398	0.00900122	32	NA	NA
"PRanto10"	"0.95"	0.923024383580357	132	1877	1877	0.839251182023893	0.008967167	32	NA	NA
"PRanto10"	"campo_medio"	0.923024383580357	132	1877	1877	NA	NA	73	32.2472312356018	0.999612164092422
"PRanto10"	"0.99"	0.923024383580357	132	1877	1877	0.596191618385663	0.004817102	26	NA	NA
"PRanto11"	"0.25"	0.921209867560648	99	1740	1740	4.40236415054312	0.004196014	92	NA	NA
"PRanto11"	"0.5"	0.921209867560648	99	1740	1740	2.5171598708199	0.004740438	88	NA	NA
"PRanto11"	"0.55"	0.921209867560648	99	1740	1740	2.28728828027785	0.004821214	93	NA	NA
"PRanto11"	"0.6"	0.921209867560648	99	1740	1740	2.07169599854839	0.006197099	89	NA	NA
"PRanto11"	"0.65"	0.921209867560648	99	1740	1740	1.89065991949337	0.00642024	91	NA	NA
"PRanto11"	"0.7"	0.921209867560648	99	1740	1740	1.71224835697406	0.005952349	88	NA	NA
"PRanto11"	"0.75"	0.921209867560648	99	1740	1740	1.5534232501405	0.005757946	89	NA	NA
"PRanto11"	"0.8"	0.921209867560648	99	1740	1740	1.3982892944863	0.00610032	94	NA	NA
"PRanto11"	"0.85"	0.921209867560648	99	1740	1740	1.23923577133422	0.006117506	92	NA	NA
"PRanto11"	"0.9"	0.921209867560648	99	1740	1740	1.06784342144389	0.006085394	93	NA	NA
"PRanto11"	"0.95"	0.921209867560648	99	1740	1740	0.871799304719883	0.006101544	93	NA	NA
"PRanto11"	"campo_medio"	0.921209867560648	99	1740	1740	NA	NA	98	22.5231781272833	0.989273187317774
"PRanto11"	"0.99"	0.921209867560648	99	1740	1740	0.61416845448275	0.003669509	95	NA	NA
"PRanto12"	"0.25"	0.974966068885724	143	1439	1439	4.84574759559851	0.01088326	100	NA	NA
"PRanto12"	"0.5"	0.974966068885724	143	1439	1439	2.75022679404289	0.0144485	100	NA	NA
"PRanto12"	"0.55"	0.974966068885724	143	1439	1439	2.51921719101687	0.01340757	100	NA	NA
"PRanto12"	"0.6"	0.974966068885724	143	1439	1439	2.27722825979321	0.01323443	100	NA	NA
"PRanto12"	"0.65"	0.974966068885724	143	1439	1439	2.07428829023697	0.01388254	99	NA	NA
"PRanto12"	"0.7"	0.974966068885724	143	1439	1439	1.88313112340545	0.014708	100	NA	NA
"PRanto12"	"0.75"	0.974966068885724	143	1439	1439	1.71133178482337	0.01484459	100	NA	NA
"PRanto12"	"0.8"	0.974966068885724	143	1439	1439	1.53760755913932	0.01525165	100	NA	NA
"PRanto12"	"0.85"	0.974966068885724	143	1439	1439	1.36417567858108	0.01502258	100	NA	NA
"PRanto12"	"0.9"	0.974966068885724	143	1439	1439	1.17566626314444	0.0148245	100	NA	NA
"PRanto12"	"0.95"	0.974966068885724	143	1439	1439	0.960637209588625	0.01486763	100	NA	NA
"PRanto12"	"0.99"	0.974966068885724	143	1439	1439	0.671797271817237	0.007876684	100	NA	NA
"PRanto12"	"campo_medio"	0.974966068885724	143	1439	1439	NA	NA	100	42.9473438018489	0.639118327142384
"PRanto13"	"0.25"	0.968871050376109	127	1673	1673	4.48644470000442	0.00764866	100	NA	NA
"PRanto13"	"0.5"	0.968871050376109	127	1673	1673	2.55934997110734	0.008726958	100	NA	NA
"PRanto13"	"0.55"	0.968871050376109	127	1673	1673	2.33532169380422	0.008950944	100	NA	NA
"PRanto13"	"0.6"	0.968871050376109	127	1673	1673	2.11754486747255	0.009975812	100	NA	NA
"PRanto13"	"0.65"	0.968871050376109	127	1673	1673	1.93163798519275	0.01026216	100	NA	NA
"PRanto13"	"0.7"	0.968871050376109	127	1673	1673	1.74922114483431	0.01003788	99	NA	NA
"PRanto13"	"0.75"	0.968871050376109	127	1673	1673	1.58234111328008	0.009689195	100	NA	NA
"PRanto13"	"0.8"	0.968871050376109	127	1673	1673	1.43207117650375	0.009834322	97	NA	NA
"PRanto13"	"0.85"	0.968871050376109	127	1673	1673	1.2618352783131	0.009664668	100	NA	NA
"PRanto13"	"0.9"	0.968871050376109	127	1673	1673	1.08542603240734	0.009709532	99	NA	NA
"PRanto13"	"0.95"	0.968871050376109	127	1673	1673	0.884133733603948	0.009725661	100	NA	NA
"PRanto13"	"0.99"	0.968871050376109	127	1673	1673	0.626681015678196	0.004797642	100	NA	NA
"PRanto13"	"campo_medio"	0.968871050376109	127	1673	1673	NA	NA	99	33.283837493106	0.767220484763672
"PRanto15"	"0.25"	0.942009596537872	140	1650	1650	4.50829558874782	0.0086422	100	NA	NA
"PRanto15"	"0.5"	0.942009596537872	140	1650	1650	2.57166991221843	0.010651554	100	NA	NA
"PRanto15"	"0.55"	0.942009596537872	140	1650	1650	2.33428976687165	0.010278014	100	NA	NA
"PRanto15"	"0.6"	0.942009596537872	140	1650	1650	2.13173512510792	0.0111397	100	NA	NA
"PRanto15"	"0.65"	0.942009596537872	140	1650	1650	1.94744380077987	0.01132824	100	NA	NA
"PRanto15"	"0.7"	0.942009596537872	140	1650	1650	1.76735863540989	0.01239154	100	NA	NA
"PRanto15"	"0.75"	0.942009596537872	140	1650	1650	1.59859779003902	0.01148838	100	NA	NA
"PRanto15"	"0.8"	0.942009596537872	140	1650	1650	1.42609838913161	0.01097718	100	NA	NA
"PRanto15"	"0.85"	0.942009596537872	140	1650	1650	1.26971890727696	0.01205221	100	NA	NA
"PRanto15"	"0.9"	0.942009596537872	140	1650	1650	1.0973860967167	0.01124987	100	NA	NA
"PRanto15"	"0.95"	0.942009596537872	140	1650	1650	0.896224213094406	0.01122012	100	NA	NA
"PRanto15"	"0.99"	0.942009596537872	140	1650	1650	0.629376092059115	0.006237899	100	NA	NA
"PRanto15"	"campo_medio"	0.942009596537872	140	1650	1650	NA	NA	99	42.0105810326479	0.482809157361769
"PRanto4"	"0.25"	0.9079979592893	119	1896	1896	4.20675357096741	0.006555708	100	NA	NA
"PRanto4"	"0.5"	0.9079979592893	119	1896	1896	2.40721523769523	0.006510852	100	NA	NA
"PRanto4"	"0.55"	0.9079979592893	119	1896	1896	2.17885087943	0.006602104	100	NA	NA
"PRanto4"	"0.6"	0.9079979592893	119	1896	1896	2.0005364500602	0.007556861	100	NA	NA
"PRanto4"	"0.65"	0.9079979592893	119	1896	1896	1.81465454335709	0.007173827	100	NA	NA
"PRanto4"	"0.7"	0.9079979592893	119	1896	1896	1.64417699089077	0.007090239	100	NA	NA
"PRanto4"	"0.75"	0.9079979592893	119	1896	1896	1.4944641515475	0.007218883	100	NA	NA
"PRanto4"	"0.8"	0.9079979592893	119	1896	1896	1.33890642430421	0.007262825	100	NA	NA
"PRanto4"	"0.85"	0.9079979592893	119	1896	1896	1.18908320749028	0.007376885	100	NA	NA
"PRanto4"	"0.9"	0.9079979592893	119	1896	1896	1.0205500524961	0.007445128	100	NA	NA
"PRanto4"	"0.95"	0.9079979592893	119	1896	1896	0.837626299155236	0.007481737	100	NA	NA
"PRanto4"	"0.99"	0.9079979592893	119	1896	1896	0.593226607458823	0.003787662	100	NA	NA
"PRanto4"	"campo_medio"	0.9079979592893	119	1896	1896	NA	NA	100	34.9550160983248	0.311331413193395
"PRanto5"	"0.25"	0.896644888231427	124	1753	1753	4.3811476698368	0.007318739	97	NA	NA
"PRanto5"	"0.5"	0.896644888231427	124	1753	1753	2.49737127718145	0.007623526	91	NA	NA
"PRanto5"	"0.55"	0.896644888231427	124	1753	1753	2.27977622694849	0.007999216	98	NA	NA
"PRanto5"	"0.6"	0.896644888231427	124	1753	1753	2.06788022426498	0.00879178	91	NA	NA
"PRanto5"	"0.65"	0.896644888231427	124	1753	1753	1.87939755816065	0.009124064	95	NA	NA
"PRanto5"	"0.7"	0.896644888231427	124	1753	1753	1.71030831226343	0.008613605	91	NA	NA
"PRanto5"	"0.75"	0.896644888231427	124	1753	1753	1.55118857352313	0.008871841	96	NA	NA
"PRanto5"	"0.8"	0.896644888231427	124	1753	1753	1.3920658403813	0.008410295	97	NA	NA
"PRanto5"	"0.85"	0.896644888231427	124	1753	1753	1.22712773754492	0.009140907	94	NA	NA
"PRanto5"	"0.9"	0.896644888231427	124	1753	1753	1.0694072135524	0.008674592	95	NA	NA
"PRanto5"	"0.95"	0.896644888231427	124	1753	1753	0.8658166305146	0.008972074	96	NA	NA
"PRanto5"	"0.99"	0.896644888231427	124	1753	1753	0.621635294117422	0.004511666	96	NA	NA
"PRanto5"	"campo_medio"	0.896644888231427	124	1753	1753	NA	NA	99	31.9700631415211	0.730295159957175
"PRanto6"	"0.25"	0.906465210449369	128	1665	1665	4.5160727152022	0.008280206	100	NA	NA
"PRanto6"	"0.5"	0.906465210449369	128	1665	1665	2.56198444921583	0.009230134	100	NA	NA
"PRanto6"	"0.55"	0.906465210449369	128	1665	1665	2.32170603590756	0.008628936	99	NA	NA
"PRanto6"	"0.6"	0.906465210449369	128	1665	1665	2.12472396711853	0.0090062	100	NA	NA
"PRanto6"	"0.65"	0.906465210449369	128	1665	1665	1.93760428929892	0.009659335	99	NA	NA
"PRanto6"	"0.7"	0.906465210449369	128	1665	1665	1.75875737532339	0.0101996	100	NA	NA
"PRanto6"	"0.75"	0.906465210449369	128	1665	1665	1.59338668583515	0.010509936	98	NA	NA
"PRanto6"	"0.8"	0.906465210449369	128	1665	1665	1.43407205122151	0.01041135	99	NA	NA
"PRanto6"	"0.85"	0.906465210449369	128	1665	1665	1.25477257238071	0.0105022	99	NA	NA
"PRanto6"	"0.9"	0.906465210449369	128	1665	1665	1.09295240442336	0.009813867	99	NA	NA
"PRanto6"	"0.95"	0.906465210449369	128	1665	1665	0.89030151701108	0.009788873	99	NA	NA
"PRanto6"	"campo_medio"	0.906465210449369	128	1665	1665	NA	NA	100	32.2208633002965	0.996369445792738
"PRanto6"	"0.99"	0.906465210449369	128	1665	1665	0.633534011835599	0.005486428	99	NA	NA
"PRanto8"	"0.25"	0.955077166221669	134	1504	1504	4.76529058256753	0.008889574	100	NA	NA
"PRanto8"	"0.5"	0.955077166221669	134	1504	1504	2.68597382512453	0.0108623	100	NA	NA
"PRanto8"	"0.55"	0.955077166221669	134	1504	1504	2.45065028440323	0.01020518	100	NA	NA
"PRanto8"	"0.6"	0.955077166221669	134	1504	1504	2.23182355614437	0.01125727	100	NA	NA
"PRanto8"	"0.65"	0.955077166221669	134	1504	1504	2.03830078177626	0.01184466	99	NA	NA
"PRanto8"	"0.7"	0.955077166221669	134	1504	1504	1.84418881976509	0.01194691	100	NA	NA
"PRanto8"	"0.75"	0.955077166221669	134	1504	1504	1.66716484027726	0.01261646	100	NA	NA
"PRanto8"	"0.8"	0.955077166221669	134	1504	1504	1.50263903228182	0.01336534	100	NA	NA
"PRanto8"	"0.85"	0.955077166221669	134	1504	1504	1.33116484909849	0.01253063	100	NA	NA
"PRanto8"	"0.9"	0.955077166221669	134	1504	1504	1.1487200551752	0.01211876	100	NA	NA
"PRanto8"	"0.95"	0.955077166221669	134	1504	1504	0.93406647937189	0.01270611	100	NA	NA
"PRanto8"	"0.99"	0.955077166221669	134	1504	1504	0.66106889404964	0.006607091	100	NA	NA
"PRanto8"	"campo_medio"	0.955077166221669	134	1504	1504	NA	NA	99	43.0153728620753	0.398732487559604
"PRanto9"	"0.25"	0.928261175571598	134	1594	1594	4.58251258918095	0.008322057	31	NA	NA
"PRanto9"	"0.5"	0.928261175571598	134	1594	1594	2.62558759918326	0.01012305	38	NA	NA
"PRanto9"	"0.55"	0.928261175571598	134	1594	1594	2.39255217395179	0.009645973	36	NA	NA
"PRanto9"	"0.6"	0.928261175571598	134	1594	1594	2.17284245812104	0.009377515	31	NA	NA
"PRanto9"	"0.65"	0.928261175571598	134	1594	1594	1.97582537487644	0.0121813	36	NA	NA
"PRanto9"	"0.7"	0.928261175571598	134	1594	1594	1.79093423150189	0.01138165	24	NA	NA
"PRanto9"	"0.75"	0.928261175571598	134	1594	1594	1.62105211355773	0.01162824	29	NA	NA
"PRanto9"	"0.8"	0.928261175571598	134	1594	1594	1.45158754491365	0.01181673	28	NA	NA
"PRanto9"	"0.85"	0.928261175571598	134	1594	1594	1.29296055435943	0.01176501	31	NA	NA
"PRanto9"	"0.9"	0.928261175571598	134	1594	1594	1.11389578556694	0.01195779	32	NA	NA
"PRanto9"	"0.95"	0.928261175571598	134	1594	1594	0.9106621339483	0.01197987	28	NA	NA
"PRanto9"	"campo_medio"	0.928261175571598	134	1594	1594	NA	NA	74	34.7614980174458	0.994510460169564
"PRanto9"	"0.99"	0.928261175571598	134	1594	1594	0.645074380804026	0.005862291	30	NA	NA
"PRdiam2"	"0.25"	0.448393813206425	84	1091.42857142857	1146	5.56263337310686	0.0054746	100	NA	NA
"PRdiam2"	"0.5"	0.448393813206425	84	1091.42857142857	1146	3.17335313604098	0.007258445	100	NA	NA
"PRdiam2"	"0.55"	0.448393813206425	84	1091.42857142857	1146	2.88419849362787	0.00715087	100	NA	NA
"PRdiam2"	"0.6"	0.448393813206425	84	1091.42857142857	1146	2.62396435031171	0.006949991	100	NA	NA
"PRdiam2"	"0.65"	0.448393813206425	84	1091.42857142857	1146	2.40397996608113	0.006385491	100	NA	NA
"PRdiam2"	"0.7"	0.448393813206425	84	1091.42857142857	1146	2.17412174588135	0.00647753	100	NA	NA
"PRdiam2"	"0.75"	0.448393813206425	84	1091.42857142857	1146	1.96463656951213	0.008372934	100	NA	NA
"PRdiam2"	"0.8"	0.448393813206425	84	1091.42857142857	1146	1.75555359013904	0.007872598	100	NA	NA
"PRdiam2"	"0.85"	0.448393813206425	84	1091.42857142857	1146	1.56541230897226	0.00784157	100	NA	NA
"PRdiam2"	"0.9"	0.448393813206425	84	1091.42857142857	1146	1.3475735068655	0.008134607	100	NA	NA
"PRdiam2"	"0.95"	0.448393813206425	84	1091.42857142857	1146	1.09630039630081	0.008095004	100	NA	NA
"PRdiam2"	"0.99"	0.448393813206425	84	1091.42857142857	1146	0.773690281100404	0.008225905	100	NA	NA
"PRdiam2"	"campo_medio"	0.448393813206425	84	1091.42857142857	1146	NA	NA	100	23.1638444265776	0.53940303744942
"PRdiam3"	"0.25"	0.328788995096578	74	1040.74074074074	1124	5.67150259583731	0.006272247	100	NA	NA
"PRdiam3"	"0.5"	0.328788995096578	74	1040.74074074074	1124	3.23733014151543	0.006252054	100	NA	NA
"PRdiam3"	"0.55"	0.328788995096578	74	1040.74074074074	1124	2.94788803912528	0.005740401	100	NA	NA
"PRdiam3"	"0.6"	0.328788995096578	74	1040.74074074074	1124	2.68970492066641	0.006288655	98	NA	NA
"PRdiam3"	"0.65"	0.328788995096578	74	1040.74074074074	1124	2.44418191273123	0.005688412	99	NA	NA
"PRdiam3"	"0.7"	0.328788995096578	74	1040.74074074074	1124	2.21852959416696	0.005919996	100	NA	NA
"PRdiam3"	"0.75"	0.328788995096578	74	1040.74074074074	1124	2.00499492052428	0.006523453	96	NA	NA
"PRdiam3"	"0.8"	0.328788995096578	74	1040.74074074074	1124	1.79758643414582	0.006660578	98	NA	NA
"PRdiam3"	"0.85"	0.328788995096578	74	1040.74074074074	1124	1.59590804897486	0.006801004	99	NA	NA
"PRdiam3"	"0.9"	0.328788995096578	74	1040.74074074074	1124	1.38621735934659	0.006572153	98	NA	NA
"PRdiam3"	"0.95"	0.328788995096578	74	1040.74074074074	1124	1.12660193563128	0.006511368	99	NA	NA
"PRdiam3"	"0.99"	0.328788995096578	74	1040.74074074074	1124	0.793132292324369	0.006500528	97	NA	NA
"PRdiam3"	"campo_medio"	0.328788995096578	74	1040.74074074074	1124	NA	NA	100	17.7148745785081	0.968059868677081
"PRrico1"	"0.25"	0.189679150380924	64	1018	1018	5.75595741394829	0.009357154	98	NA	NA
"PRrico1"	"0.5"	0.189679150380924	64	1018	1018	3.29453983874721	0.009260774	84	NA	NA
"PRrico1"	"0.55"	0.189679150380924	64	1018	1018	2.96820480590086	0.00927923	90	NA	NA
"PRrico1"	"0.6"	0.189679150380924	64	1018	1018	2.70536952442673	0.009007652	94	NA	NA
"PRrico1"	"0.65"	0.189679150380924	64	1018	1018	2.46831669394489	0.009425454	93	NA	NA
"PRrico1"	"0.7"	0.189679150380924	64	1018	1018	2.24635734170137	0.00940207	89	NA	NA
"PRrico1"	"0.75"	0.189679150380924	64	1018	1018	2.03342592062292	0.008267952	56	NA	NA
"PRrico1"	"0.8"	0.189679150380924	64	1018	1018	1.83657241736804	0.007867778	69	NA	NA
"PRrico1"	"0.85"	0.189679150380924	64	1018	1018	1.61854038366192	0.007724182	64	NA	NA
"PRrico1"	"0.9"	0.189679150380924	64	1018	1018	1.39416034475883	0.008120383	66	NA	NA
"PRrico1"	"0.95"	0.189679150380924	64	1018	1018	1.13624401546243	0.008246153	72	NA	NA
"PRrico1"	"0.99"	0.189679150380924	64	1018	1018	0.808144879213357	0.008177417	68	NA	NA
"PRrico1"	"campo_medio"	0.189679150380924	64	1018	1018	NA	NA	84	15.2458151307973	0.900426593043363
"PRrico2"	"0.25"	0.226305520677815	34	961	961	5.92135024326327	0.006271064	80	NA	NA
"PRrico2"	"0.5"	0.226305520677815	34	961	961	3.37143229931976	0.004880268	94	NA	NA
"PRrico2"	"0.55"	0.226305520677815	34	961	961	3.08510628147997	0.004879354	97	NA	NA
"PRrico2"	"0.6"	0.226305520677815	34	961	961	2.78883649826103	0.00489607	92	NA	NA
"PRrico2"	"0.65"	0.226305520677815	34	961	961	2.543605386344	0.005311772	97	NA	NA
"PRrico2"	"0.7"	0.226305520677815	34	961	961	2.31327584510872	0.005491818	93	NA	NA
"PRrico2"	"0.75"	0.226305520677815	34	961	961	2.10531339006043	0.002676936	100	NA	NA
"PRrico2"	"0.8"	0.226305520677815	34	961	961	1.88384997443463	0.002693002	100	NA	NA
"PRrico2"	"0.85"	0.226305520677815	34	961	961	1.66400152295228	0.002878783	100	NA	NA
"PRrico2"	"0.9"	0.226305520677815	34	961	961	1.44042880087223	0.00273241	99	NA	NA
"PRrico2"	"0.95"	0.226305520677815	34	961	961	1.17477423105024	0.00251989	100	NA	NA
"PRrico2"	"0.99"	0.226305520677815	34	961	961	0.822884702883368	0.002761028	100	NA	NA
"PRrico2"	"campo_medio"	0.226305520677815	34	961	961	NA	NA	100	7.96055779720152	0.331316263959431
"PRrico3"	"0.25"	0.169853953773957	39	1143	1143	5.42905678806686	0.004978066	31	NA	NA
"PRrico3"	"0.5"	0.169853953773957	39	1143	1143	3.1052233661748	0.00442435	84	NA	NA
"PRrico3"	"0.55"	0.169853953773957	39	1143	1143	2.81921762359075	0.004451173	82	NA	NA
"PRrico3"	"0.6"	0.169853953773957	39	1143	1143	2.57321580861736	0.004408285	89	NA	NA
"PRrico3"	"0.65"	0.169853953773957	39	1143	1143	2.3368132436131	0.0041196	88	NA	NA
"PRrico3"	"0.7"	0.169853953773957	39	1143	1143	2.11944616020256	0.002693782	100	NA	NA
"PRrico3"	"0.75"	0.169853953773957	39	1143	1143	1.91549348254055	0.00268202	100	NA	NA
"PRrico3"	"0.8"	0.169853953773957	39	1143	1143	1.72326653034751	0.002621828	100	NA	NA
"PRrico3"	"0.85"	0.169853953773957	39	1143	1143	1.528264877782	0.002850793	100	NA	NA
"PRrico3"	"0.9"	0.169853953773957	39	1143	1143	1.31908474253151	0.002625496	100	NA	NA
"PRrico3"	"0.95"	0.169853953773957	39	1143	1143	1.07585279283306	0.002686498	100	NA	NA
"PRrico3"	"0.99"	0.169853953773957	39	1143	1143	0.757804273376363	0.00271209	99	NA	NA
"PRrico3"	"campo_medio"	0.169853953773957	39	1143	1143	NA	NA	100	9.94061692193075	0.205842814815544
"PRsapo"	"0.25"	0.425074364521363	122	1480	1480	4.77808535979836	0.0160612	41	NA	NA
"PRsapo"	"0.5"	0.425074364521363	122	1480	1480	2.74159784111536	0.01355546	95	NA	NA
"PRsapo"	"0.55"	0.425074364521363	122	1480	1480	2.47041671154977	0.01344338	95	NA	NA
"PRsapo"	"0.6"	0.425074364521363	122	1480	1480	2.24828260049701	0.0136326	91	NA	NA
"PRsapo"	"0.65"	0.425074364521363	122	1480	1480	2.03951385845891	0.01155854	100	NA	NA
"PRsapo"	"0.7"	0.425074364521363	122	1480	1480	1.8665951156163	0.0117457	100	NA	NA
"PRsapo"	"0.75"	0.425074364521363	122	1480	1480	1.68603158920914	0.010699139	100	NA	NA
"PRsapo"	"0.8"	0.425074364521363	122	1480	1480	1.51703213279905	0.01127782	100	NA	NA
"PRsapo"	"0.85"	0.425074364521363	122	1480	1480	1.33695734687554	0.01129484	100	NA	NA
"PRsapo"	"0.9"	0.425074364521363	122	1480	1480	1.15310346968523	0.01120509	100	NA	NA
"PRsapo"	"0.95"	0.425074364521363	122	1480	1480	0.946868912516697	0.010779235	100	NA	NA
"PRsapo"	"0.99"	0.425074364521363	122	1480	1480	0.675213262007392	0.005993643	100	NA	NA
"PRsapo"	"campo_medio"	0.425074364521363	122	1480	1480	NA	NA	100	121.665735879426	0.0429217927038198
"PRtele"	"0.25"	0.633149366825626	105	1040	1040	5.67493822268926	0.01207861	100	NA	NA
"PRtele"	"0.5"	0.633149366825626	105	1040	1040	3.243241536379	0.0123754	94	NA	NA
"PRtele"	"0.55"	0.633149366825626	105	1040	1040	2.95737004875629	0.01289072	99	NA	NA
"PRtele"	"0.6"	0.633149366825626	105	1040	1040	2.68949836587391	0.01264794	99	NA	NA
"PRtele"	"0.65"	0.633149366825626	105	1040	1040	2.44178414437526	0.01251726	96	NA	NA
"PRtele"	"0.7"	0.633149366825626	105	1040	1040	2.23412143267635	0.01266862	98	NA	NA
"PRtele"	"0.75"	0.633149366825626	105	1040	1040	2.01738573315414	0.0147494	97	NA	NA
"PRtele"	"0.8"	0.633149366825626	105	1040	1040	1.81111092061998	0.01391736	98	NA	NA
"PRtele"	"0.85"	0.633149366825626	105	1040	1040	1.59798165479003	0.01345264	88	NA	NA
"PRtele"	"0.9"	0.633149366825626	105	1040	1040	1.38511767468404	0.01399144	99	NA	NA
"PRtele"	"0.95"	0.633149366825626	105	1040	1040	1.12602373339065	0.01481178	96	NA	NA
"PRtele"	"0.99"	0.633149366825626	105	1040	1040	0.805979967781085	0.01440014	95	NA	NA
"PRtele"	"campo_medio"	0.633149366825626	105	1040	1040	NA	NA	100	28.9358314499093	0.999768995587581
"PRtiba1"	"0.25"	0.181441319632234	117	1482	1482	4.78105483837581	0.01239907	100	NA	NA
"PRtiba1"	"0.5"	0.181441319632234	117	1482	1482	2.71610055527652	0.01144652	94	NA	NA
"PRtiba1"	"0.55"	0.181441319632234	117	1482	1482	2.47350151476531	0.01186601	94	NA	NA
"PRtiba1"	"0.6"	0.181441319632234	117	1482	1482	2.24469993861529	0.01158	94	NA	NA
"PRtiba1"	"0.65"	0.181441319632234	117	1482	1482	2.04909969216627	0.01081464	78	NA	NA
"PRtiba1"	"0.7"	0.181441319632234	117	1482	1482	1.85731332168554	0.0108925	78	NA	NA
"PRtiba1"	"0.75"	0.181441319632234	117	1482	1482	1.68201738409915	0.01100768	83	NA	NA
"PRtiba1"	"0.8"	0.181441319632234	117	1482	1482	1.51398822615796	0.01098588	72	NA	NA
"PRtiba1"	"0.85"	0.181441319632234	117	1482	1482	1.33812011554936	0.01113015	71	NA	NA
"PRtiba1"	"0.9"	0.181441319632234	117	1482	1482	1.16096964717519	0.01095174	80	NA	NA
"PRtiba1"	"0.95"	0.181441319632234	117	1482	1482	0.943574421351729	0.01078851	70	NA	NA
"PRtiba1"	"0.99"	0.181441319632234	117	1482	1482	0.666302678011843	0.007248312	97	NA	NA
"PRtiba1"	"campo_medio"	0.181441319632234	117	1482	1482	NA	NA	98	29.6567790118599	0.9859569264758
"PRvent"	"0.25"	0.340772625042584	101	1241	1241	5.20492642370829	0.02382241	51	NA	NA
"PRvent"	"0.5"	0.340772625042584	101	1241	1241	2.9679414987332	0.01852297	96	NA	NA
"PRvent"	"0.55"	0.340772625042584	101	1241	1241	2.70418501454438	0.01870922	98	NA	NA
"PRvent"	"0.6"	0.340772625042584	101	1241	1241	2.46898917630863	0.01792221	99	NA	NA
"PRvent"	"0.65"	0.340772625042584	101	1241	1241	2.24520186787963	0.01879113	99	NA	NA
"PRvent"	"0.7"	0.340772625042584	101	1241	1241	2.03075509695594	0.01434544	100	NA	NA
"PRvent"	"0.75"	0.340772625042584	101	1241	1241	1.83690333003214	0.0146515	100	NA	NA
"PRvent"	"0.8"	0.340772625042584	101	1241	1241	1.65177910164697	0.01473744	100	NA	NA
"PRvent"	"0.85"	0.340772625042584	101	1241	1241	1.45948714179476	0.01536577	100	NA	NA
"PRvent"	"0.9"	0.340772625042584	101	1241	1241	1.27033268866561	0.01474382	100	NA	NA
"PRvent"	"0.95"	0.340772625042584	101	1241	1241	1.02989913532154	0.01447374	100	NA	NA
"PRvent"	"0.99"	0.340772625042584	101	1241	1241	0.735882754339982	0.01444259	100	NA	NA
"PRvent"	"campo_medio"	0.340772625042584	101	1241	1241	NA	NA	99	27.0049276736776	0.770231223834125
"RScach1"	"0.25"	0.151225472114475	30	1547	1547	4.7088885465733	0.002511996	99	NA	NA
"RScach1"	"0.5"	0.151225472114475	30	1547	1547	2.66379253606272	0.002016552	99	NA	NA
"RScach1"	"0.55"	0.151225472114475	30	1547	1547	2.40883122062633	0.002056695	99	NA	NA
"RScach1"	"0.6"	0.151225472114475	30	1547	1547	2.1946972774264	0.002159432	100	NA	NA
"RScach1"	"0.65"	0.151225472114475	30	1547	1547	1.99542391146953	0.0010207414	98	NA	NA
"RScach1"	"0.7"	0.151225472114475	30	1547	1547	1.82353472241432	0.0010465226	98	NA	NA
"RScach1"	"0.75"	0.151225472114475	30	1547	1547	1.65682913653216	0.0010566587	97	NA	NA
"RScach1"	"0.8"	0.151225472114475	30	1547	1547	1.47860807952086	0.0010460986	95	NA	NA
"RScach1"	"0.85"	0.151225472114475	30	1547	1547	1.30436989942786	0.001056287	97	NA	NA
"RScach1"	"0.9"	0.151225472114475	30	1547	1547	1.1323307176191	0.0009535156	100	NA	NA
"RScach1"	"0.95"	0.151225472114475	30	1547	1547	0.923748496136316	0.0009608133	96	NA	NA
"RScach1"	"campo_medio"	0.151225472114475	30	1547	1547	NA	NA	100	5.13539110614196	0.998888583570733
"RScach1"	"0.99"	0.151225472114475	30	1547	1547	0.659180129422191	0.0008624587	100	NA	NA
"RScach2"	"0.25"	0.104325049309665	48	1904	1904	4.17872364008225	0.006136853	60	NA	NA
"RScach2"	"0.5"	0.104325049309665	48	1904	1904	2.4047517202827	0.005163602	86	NA	NA
"RScach2"	"0.55"	0.104325049309665	48	1904	1904	2.16938425621259	0.005207363	92	NA	NA
"RScach2"	"0.6"	0.104325049309665	48	1904	1904	1.9875284541594	0.00292493	99	NA	NA
"RScach2"	"0.65"	0.104325049309665	48	1904	1904	1.81110407779156	0.002960674	100	NA	NA
"RScach2"	"0.7"	0.104325049309665	48	1904	1904	1.64883124917311	0.002954912	99	NA	NA
"RScach2"	"0.75"	0.104325049309665	48	1904	1904	1.48848596742925	0.003065704	99	NA	NA
"RScach2"	"0.8"	0.104325049309665	48	1904	1904	1.33352375367025	0.002932533	100	NA	NA
"RScach2"	"0.85"	0.104325049309665	48	1904	1904	1.1780379197803	0.002881508	99	NA	NA
"RScach2"	"0.9"	0.104325049309665	48	1904	1904	1.0221697729168	0.002861144	100	NA	NA
"RScach2"	"0.95"	0.104325049309665	48	1904	1904	0.8357017606329	0.002977412	100	NA	NA
"RScach2"	"0.99"	0.104325049309665	48	1904	1904	0.594148111805052	0.001567584	99	NA	NA
"RScach2"	"campo_medio"	0.104325049309665	48	1904	1904	NA	NA	99	9.74121582728316	0.466104215430403
"RScach3"	"0.25"	0.102843143491402	71	1228	1228	5.21307349478282	0.0119119	33	NA	NA
"RScach3"	"0.5"	0.102843143491402	71	1228	1228	2.99186285956754	0.010067776	77	NA	NA
"RScach3"	"0.55"	0.102843143491402	71	1228	1228	2.70789911849275	0.010230032	72	NA	NA
"RScach3"	"0.6"	0.102843143491402	71	1228	1228	2.46088249855712	0.01030596	68	NA	NA
"RScach3"	"0.65"	0.102843143491402	71	1228	1228	2.2449777470176	0.00960878	73	NA	NA
"RScach3"	"0.7"	0.102843143491402	71	1228	1228	2.03787530592357	0.007175224	100	NA	NA
"RScach3"	"0.75"	0.102843143491402	71	1228	1228	1.85059131019457	0.00726024	100	NA	NA
"RScach3"	"0.8"	0.102843143491402	71	1228	1228	1.65943410930414	0.007372781	100	NA	NA
"RScach3"	"0.85"	0.102843143491402	71	1228	1228	1.47125660089193	0.007332359	98	NA	NA
"RScach3"	"0.9"	0.102843143491402	71	1228	1228	1.26754136244348	0.007345406	100	NA	NA
"RScach3"	"0.95"	0.102843143491402	71	1228	1228	1.03548956498829	0.00758768	100	NA	NA
"RScach3"	"0.99"	0.102843143491402	71	1228	1228	0.731622836970838	0.007354236	100	NA	NA
"RScach3"	"campo_medio"	0.102843143491402	71	1228	1228	NA	NA	100	43.7368457010152	0.0438031088327954
"RScach4"	"0.25"	0.072361253275373	48	1095	1095	5.58682325384984	0.008049706	74	NA	NA
"RScach4"	"0.5"	0.072361253275373	48	1095	1095	3.17144340376336	0.00608726	99	NA	NA
"RScach4"	"0.55"	0.072361253275373	48	1095	1095	2.87701521008123	0.006534364	98	NA	NA
"RScach4"	"0.6"	0.072361253275373	48	1095	1095	2.61363230691365	0.006399908	99	NA	NA
"RScach4"	"0.65"	0.072361253275373	48	1095	1095	2.37258510315455	0.006430184	100	NA	NA
"RScach4"	"0.7"	0.072361253275373	48	1095	1095	2.16650343772405	0.006435116	100	NA	NA
"RScach4"	"0.75"	0.072361253275373	48	1095	1095	1.96712518881564	0.004801374	91	NA	NA
"RScach4"	"0.8"	0.072361253275373	48	1095	1095	1.75737993819653	0.004736646	95	NA	NA
"RScach4"	"0.85"	0.072361253275373	48	1095	1095	1.5564121067573	0.004768326	94	NA	NA
"RScach4"	"0.9"	0.072361253275373	48	1095	1095	1.34667666174287	0.005010046	99	NA	NA
"RScach4"	"0.95"	0.072361253275373	48	1095	1095	1.10395046995927	0.004930988	93	NA	NA
"RScach4"	"0.99"	0.072361253275373	48	1095	1095	0.777787236377874	0.004828974	95	NA	NA
"RScach4"	"campo_medio"	0.072361253275373	48	1095	1095	NA	NA	99	11.4575730994286	0.443740453994223
"RScama"	"0.25"	0.559289827066303	69	2236	2236	3.87327232802864	0.003253156	92	NA	NA
"RScama"	"0.5"	0.559289827066303	69	2236	2236	2.21626140868067	0.002855118	99	NA	NA
"RScama"	"0.55"	0.559289827066303	69	2236	2236	2.017470641258	0.00235622	100	NA	NA
"RScama"	"0.6"	0.559289827066303	69	2236	2236	1.83490683713898	0.002183161	98	NA	NA
"RScama"	"0.65"	0.559289827066303	69	2236	2236	1.66644483672586	0.002152618	100	NA	NA
"RScama"	"0.7"	0.559289827066303	69	2236	2236	1.51126381403977	0.002423384	100	NA	NA
"RScama"	"0.75"	0.559289827066303	69	2236	2236	1.37183465540874	0.002297244	100	NA	NA
"RScama"	"0.8"	0.559289827066303	69	2236	2236	1.23354645097493	0.002282848	100	NA	NA
"RScama"	"0.85"	0.559289827066303	69	2236	2236	1.09317809813522	0.002250806	99	NA	NA
"RScama"	"0.9"	0.559289827066303	69	2236	2236	0.941530394626155	0.002254346	100	NA	NA
"RScama"	"0.95"	0.559289827066303	69	2236	2236	0.765614370040585	0.002315383	100	NA	NA
"RScama"	"campo_medio"	0.559289827066303	69	2236	2236	NA	NA	100	13.6620508423043	0.831547927286731
"RScama"	"0.99"	0.559289827066303	69	2236	2236	0.537787203002386	0.001846616	100	NA	NA
"RScamb1"	"0.25"	0.327940858999573	42	1178	1178	5.3632147084953	0.008044858	100	NA	NA
"RScamb1"	"0.5"	0.327940858999573	42	1178	1178	3.05732547907693	0.005910709	100	NA	NA
"RScamb1"	"0.55"	0.327940858999573	42	1178	1178	2.77679036530649	0.005867936	100	NA	NA
"RScamb1"	"0.6"	0.327940858999573	42	1178	1178	2.51813731768497	0.00618101	100	NA	NA
"RScamb1"	"0.65"	0.327940858999573	42	1178	1178	2.30603347065075	0.006023077	100	NA	NA
"RScamb1"	"0.7"	0.327940858999573	42	1178	1178	2.08596802376808	0.004034571	94	NA	NA
"RScamb1"	"0.75"	0.327940858999573	42	1178	1178	1.88680497201673	0.00346178	90	NA	NA
"RScamb1"	"0.8"	0.327940858999573	42	1178	1178	1.69819459731158	0.00363519	91	NA	NA
"RScamb1"	"0.85"	0.327940858999573	42	1178	1178	1.50371622867698	0.003817591	94	NA	NA
"RScamb1"	"0.9"	0.327940858999573	42	1178	1178	1.29215195720383	0.003862042	92	NA	NA
"RScamb1"	"0.95"	0.327940858999573	42	1178	1178	1.05723896689368	0.003645766	96	NA	NA
"RScamb1"	"0.99"	0.327940858999573	42	1178	1178	0.75286151896202	0.003723626	92	NA	NA
"RScamb1"	"campo_medio"	0.327940858999573	42	1178	1178	NA	NA	97	8.3924742936929	0.959251117989995
"RSfaxi"	"0.25"	0.470118159409467	74	1211	1211	5.25029622445096	0.009765052	19	NA	NA
"RSfaxi"	"0.5"	0.470118159409467	74	1211	1211	3.00522116364117	0.008109958	80	NA	NA
"RSfaxi"	"0.55"	0.470118159409467	74	1211	1211	2.7322079242502	0.00812527	80	NA	NA
"RSfaxi"	"0.6"	0.470118159409467	74	1211	1211	2.48934752775455	0.008329698	86	NA	NA
"RSfaxi"	"0.65"	0.470118159409467	74	1211	1211	2.25692116120655	0.008471516	80	NA	NA
"RSfaxi"	"0.7"	0.470118159409467	74	1211	1211	2.06534187113219	0.006043224	100	NA	NA
"RSfaxi"	"0.75"	0.470118159409467	74	1211	1211	1.86183069277815	0.006096784	100	NA	NA
"RSfaxi"	"0.8"	0.470118159409467	74	1211	1211	1.66701735793367	0.006192002	99	NA	NA
"RSfaxi"	"0.85"	0.470118159409467	74	1211	1211	1.4773018404885	0.006166849	100	NA	NA
"RSfaxi"	"0.9"	0.470118159409467	74	1211	1211	1.28344824914649	0.005897177	100	NA	NA
"RSfaxi"	"0.95"	0.470118159409467	74	1211	1211	1.04803249315003	0.006646834	99	NA	NA
"RSfaxi"	"0.99"	0.470118159409467	74	1211	1211	0.741726520428031	0.006114416	100	NA	NA
"RSfaxi"	"campo_medio"	0.470118159409467	74	1211	1211	NA	NA	100	23.1347580382	0.230561558516459
"RSmaqu4"	"0.25"	0.310748079531233	85	1531	1531	4.6336767975732	0.005034026	97	NA	NA
"RSmaqu4"	"0.5"	0.310748079531233	85	1531	1531	2.67622530902553	0.005301116	92	NA	NA
"RSmaqu4"	"0.55"	0.310748079531233	85	1531	1531	2.44110753347846	0.005286564	88	NA	NA
"RSmaqu4"	"0.6"	0.310748079531233	85	1531	1531	2.20971044560424	0.005170002	87	NA	NA
"RSmaqu4"	"0.65"	0.310748079531233	85	1531	1531	2.0157121306084	0.005179805	66	NA	NA
"RSmaqu4"	"0.7"	0.310748079531233	85	1531	1531	1.84536112219603	0.0056808	73	NA	NA
"RSmaqu4"	"0.75"	0.310748079531233	85	1531	1531	1.65565971402056	0.005455416	82	NA	NA
"RSmaqu4"	"0.8"	0.310748079531233	85	1531	1531	1.48804797034787	0.005514197	78	NA	NA
"RSmaqu4"	"0.85"	0.310748079531233	85	1531	1531	1.31603644826367	0.005612319	86	NA	NA
"RSmaqu4"	"0.9"	0.310748079531233	85	1531	1531	1.13838564136379	0.005341769	75	NA	NA
"RSmaqu4"	"0.95"	0.310748079531233	85	1531	1531	0.930368005818152	0.005391195	86	NA	NA
"RSmaqu4"	"campo_medio"	0.310748079531233	85	1531	1531	NA	NA	97	19.2688762505086	0.999901947921834
"RSmaqu4"	"0.99"	0.310748079531233	85	1531	1531	0.653332576075749	0.003365572	92	NA	NA
"RSmorr1"	"0.25"	0.658177286403532	109	2810	2810	3.44950077047164	0.00362362	100	NA	NA
"RSmorr1"	"0.5"	0.658177286403532	109	2810	2810	1.9772755871796	0.003747233	99	NA	NA
"RSmorr1"	"0.55"	0.658177286403532	109	2810	2810	1.7989178190701	0.003861012	100	NA	NA
"RSmorr1"	"0.6"	0.658177286403532	109	2810	2810	1.64084761340672	0.003582788	100	NA	NA
"RSmorr1"	"0.65"	0.658177286403532	109	2810	2810	1.48335219633069	0.003506961	99	NA	NA
"RSmorr1"	"0.7"	0.658177286403532	109	2810	2810	1.34888867721604	0.003712032	100	NA	NA
"RSmorr1"	"0.75"	0.658177286403532	109	2810	2810	1.22090564695341	0.003659452	100	NA	NA
"RSmorr1"	"0.8"	0.658177286403532	109	2810	2810	1.09939281615349	0.003702156	100	NA	NA
"RSmorr1"	"0.85"	0.658177286403532	109	2810	2810	0.970944210667354	0.003879495	100	NA	NA
"RSmorr1"	"0.9"	0.658177286403532	109	2810	2810	0.842744244572498	0.003799416	99	NA	NA
"RSmorr1"	"0.95"	0.658177286403532	109	2810	2810	0.687545076086861	0.002252317	100	NA	NA
"RSmorr1"	"0.99"	0.658177286403532	109	2810	2810	0.48442416075989	0.002225502	100	NA	NA
"RSmorr1"	"campo_medio"	0.658177286403532	109	2810	2810	NA	NA	100	25.2027327688207	0.454578548820889
"RSpet1"	"0.25"	0.722472122747256	69	826	826	6.34165765429312	0.005263408	98	NA	NA
"RSpet1"	"0.5"	0.722472122747256	69	826	826	3.63477420594569	0.00592381	94	NA	NA
"RSpet1"	"0.55"	0.722472122747256	69	826	826	3.29734860047562	0.007175525	93	NA	NA
"RSpet1"	"0.6"	0.722472122747256	69	826	826	3.01624898342011	0.006745305	91	NA	NA
"RSpet1"	"0.65"	0.722472122747256	69	826	826	2.75003729479935	0.006680907	91	NA	NA
"RSpet1"	"0.7"	0.722472122747256	69	826	826	2.48529055241415	0.007586645	99	NA	NA
"RSpet1"	"0.75"	0.722472122747256	69	826	826	2.25010871167714	0.007251158	91	NA	NA
"RSpet1"	"0.8"	0.722472122747256	69	826	826	2.03311653276272	0.007841348	82	NA	NA
"RSpet1"	"0.85"	0.722472122747256	69	826	826	1.80059134393245	0.008112884	83	NA	NA
"RSpet1"	"0.9"	0.722472122747256	69	826	826	1.54967771501458	0.009137108	92	NA	NA
"RSpet1"	"0.95"	0.722472122747256	69	826	826	1.2663223348862	0.009176766	92	NA	NA
"RSpet1"	"0.99"	0.722472122747256	69	826	826	0.891538084905378	0.009567766	96	NA	NA
"RSpet1"	"campo_medio"	0.722472122747256	69	826	826	NA	NA	100	17.7262059766822	0.999474193035304
"RSrioz1"	"0.25"	0.92867367679881	76	1205	1205	5.28587589726035	0.004889304	100	NA	NA
"RSrioz1"	"0.5"	0.92867367679881	76	1205	1205	3.02301591569763	0.005341136	100	NA	NA
"RSrioz1"	"0.55"	0.92867367679881	76	1205	1205	2.74957479320031	0.005734465	100	NA	NA
"RSrioz1"	"0.6"	0.92867367679881	76	1205	1205	2.4913460615303	0.005817044	100	NA	NA
"RSrioz1"	"0.65"	0.92867367679881	76	1205	1205	2.27053931187637	0.00516832	100	NA	NA
"RSrioz1"	"0.7"	0.92867367679881	76	1205	1205	2.05547529202721	0.006597978	100	NA	NA
"RSrioz1"	"0.75"	0.92867367679881	76	1205	1205	1.87059675794797	0.006499831	100	NA	NA
"RSrioz1"	"0.8"	0.92867367679881	76	1205	1205	1.6806630492677	0.006084368	99	NA	NA
"RSrioz1"	"0.85"	0.92867367679881	76	1205	1205	1.47462068316238	0.006193808	99	NA	NA
"RSrioz1"	"0.9"	0.92867367679881	76	1205	1205	1.28181996412076	0.006689097	100	NA	NA
"RSrioz1"	"0.95"	0.92867367679881	76	1205	1205	1.04874658919723	0.006522602	100	NA	NA
"RSrioz1"	"0.99"	0.92867367679881	76	1205	1205	0.731236892125984	0.006482094	100	NA	NA
"RSrioz1"	"campo_medio"	0.92867367679881	76	1205	1205	NA	NA	100	20.284894966346	0.48044316164638
"RSsetape"	"0.25"	0.493985431841831	45	1733	1733	4.3905629473941	0.002331936	100	NA	NA
"RSsetape"	"0.5"	0.493985431841831	45	1733	1733	2.51209841673008	0.002010646	100	NA	NA
"RSsetape"	"0.55"	0.493985431841831	45	1733	1733	2.28045091710881	0.002211292	100	NA	NA
"RSsetape"	"0.6"	0.493985431841831	45	1733	1733	2.07916947199847	0.001530876	96	NA	NA
"RSsetape"	"0.65"	0.493985431841831	45	1733	1733	1.90184473305745	0.001329174	97	NA	NA
"RSsetape"	"0.7"	0.493985431841831	45	1733	1733	1.71884994645939	0.001365359	98	NA	NA
"RSsetape"	"0.75"	0.493985431841831	45	1733	1733	1.57145788583076	0.001560638	98	NA	NA
"RSsetape"	"0.8"	0.493985431841831	45	1733	1733	1.4028514102312	0.00146808	95	NA	NA
"RSsetape"	"0.85"	0.493985431841831	45	1733	1733	1.24242002507859	0.001417472	98	NA	NA
"RSsetape"	"0.9"	0.493985431841831	45	1733	1733	1.07250663719282	0.001429292	98	NA	NA
"RSsetape"	"0.95"	0.493985431841831	45	1733	1733	0.873600882734669	0.001465506	97	NA	NA
"RSsetape"	"0.99"	0.493985431841831	45	1733	1733	0.617049153951495	0.001298004	100	NA	NA
"RSsetape"	"campo_medio"	0.493985431841831	45	1733	1733	NA	NA	100	8.51116910092335	0.81065361081095
"RSsini"	"0.25"	0.73052961024989	69	1024	1024	5.72759806115795	0.006448055	100	NA	NA
"RSsini"	"0.5"	0.73052961024989	69	1024	1024	3.28598374073767	0.00786757	99	NA	NA
"RSsini"	"0.55"	0.73052961024989	69	1024	1024	2.98150580622625	0.006927367	100	NA	NA
"RSsini"	"0.6"	0.73052961024989	69	1024	1024	2.71975865398983	0.007338891	100	NA	NA
"RSsini"	"0.65"	0.73052961024989	69	1024	1024	2.45383424451691	0.008200936	100	NA	NA
"RSsini"	"0.7"	0.73052961024989	69	1024	1024	2.23568312053228	0.007727845	100	NA	NA
"RSsini"	"0.75"	0.73052961024989	69	1024	1024	2.0253483531834	0.008699257	100	NA	NA
"RSsini"	"0.8"	0.73052961024989	69	1024	1024	1.81864782561046	0.008421375	100	NA	NA
"RSsini"	"0.85"	0.73052961024989	69	1024	1024	1.6094613294726	0.0081549	100	NA	NA
"RSsini"	"0.9"	0.73052961024989	69	1024	1024	1.39955533022032	0.008921971	100	NA	NA
"RSsini"	"0.95"	0.73052961024989	69	1024	1024	1.13444136225829	0.008081045	100	NA	NA
"RSsini"	"0.99"	0.73052961024989	69	1024	1024	0.801988868706414	0.008595295	100	NA	NA
"RSsini"	"campo_medio"	0.73052961024989	69	1024	1024	NA	NA	100	17.0250922377028	0.848144089671997
"RSsmar2"	"0.25"	0.36114979447901	58	1427	1427	4.86235821319824	0.003372243	99	NA	NA
"RSsmar2"	"0.5"	0.36114979447901	58	1427	1427	2.77065768500583	0.003078164	100	NA	NA
"RSsmar2"	"0.55"	0.36114979447901	58	1427	1427	2.52486939954681	0.003081916	98	NA	NA
"RSsmar2"	"0.6"	0.36114979447901	58	1427	1427	2.29004585256393	0.003120736	100	NA	NA
"RSsmar2"	"0.65"	0.36114979447901	58	1427	1427	2.08222318454173	0.003152173	100	NA	NA
"RSsmar2"	"0.7"	0.36114979447901	58	1427	1427	1.89357036898311	0.002677506	97	NA	NA
"RSsmar2"	"0.75"	0.36114979447901	58	1427	1427	1.72270161148227	0.003368338	99	NA	NA
"RSsmar2"	"0.8"	0.36114979447901	58	1427	1427	1.53741833493821	0.003270635	98	NA	NA
"RSsmar2"	"0.85"	0.36114979447901	58	1427	1427	1.36491319943661	0.003443492	100	NA	NA
"RSsmar2"	"0.9"	0.36114979447901	58	1427	1427	1.17547052174941	0.003444638	99	NA	NA
"RSsmar2"	"0.95"	0.36114979447901	58	1427	1427	0.959877306943951	0.003236513	100	NA	NA
"RSsmar2"	"0.99"	0.36114979447901	58	1427	1427	0.680082360332674	0.001986731	99	NA	NA
"RSsmar2"	"campo_medio"	0.36114979447901	58	1427	1427	NA	NA	100	14.4460219133147	0.31324133318246
"RSvsol"	"0.25"	0.666613829015203	55	1855	1855	4.28049483459682	0.001969774	79	NA	NA
"RSvsol"	"0.5"	0.666613829015203	55	1855	1855	2.4356985513307	0.002029582	36	NA	NA
"RSvsol"	"0.55"	0.666613829015203	55	1855	1855	2.20336468030737	0.001875262	39	NA	NA
"RSvsol"	"0.6"	0.666613829015203	55	1855	1855	2.01273566606461	0.001797436	13	NA	NA
"RSvsol"	"0.65"	0.666613829015203	55	1855	1855	1.84777792726375	0.00187643	22	NA	NA
"RSvsol"	"0.7"	0.666613829015203	55	1855	1855	1.65899759382943	0.001974078	25	NA	NA
"RSvsol"	"0.75"	0.666613829015203	55	1855	1855	1.50277721754055	0.001866664	15	NA	NA
"RSvsol"	"0.8"	0.666613829015203	55	1855	1855	1.34887371071685	0.001992492	21	NA	NA
"RSvsol"	"0.85"	0.666613829015203	55	1855	1855	1.19942003382164	0.001982818	21	NA	NA
"RSvsol"	"0.9"	0.666613829015203	55	1855	1855	1.03308082622279	0.001834683	18	NA	NA
"RSvsol"	"0.95"	0.666613829015203	55	1855	1855	0.845564959177346	0.00209752	22	NA	NA
"RSvsol"	"campo_medio"	0.666613829015203	55	1855	1855	NA	NA	80	10.5398740516109	0.998559387637871
"RSvsol"	"0.99"	0.666613829015203	55	1855	1855	0.599239565103677	0.0010922728	16	NA	NA
"SCarar"	"0.25"	0.0359928114764424	26	2034	2034	4.04443730328468	0.001493321	100	NA	NA
"SCarar"	"0.5"	0.0359928114764424	26	2034	2034	2.32321957127491	0.001285053	100	NA	NA
"SCarar"	"0.55"	0.0359928114764424	26	2034	2034	2.11620383568468	0.0009321704	97	NA	NA
"SCarar"	"0.6"	0.0359928114764424	26	2034	2034	1.92967355674157	0.0008769925	99	NA	NA
"SCarar"	"0.65"	0.0359928114764424	26	2034	2034	1.75025554962435	0.0009082212	96	NA	NA
"SCarar"	"0.7"	0.0359928114764424	26	2034	2034	1.59200736840679	0.0008473808	100	NA	NA
"SCarar"	"0.75"	0.0359928114764424	26	2034	2034	1.44307045510477	0.0008189629	100	NA	NA
"SCarar"	"0.8"	0.0359928114764424	26	2034	2034	1.29481019581581	0.0008848192	100	NA	NA
"SCarar"	"0.85"	0.0359928114764424	26	2034	2034	1.14508659806636	0.0008425542	96	NA	NA
"SCarar"	"0.9"	0.0359928114764424	26	2034	2034	0.990492502326289	0.0008458029	97	NA	NA
"SCarar"	"0.95"	0.0359928114764424	26	2034	2034	0.803735954776554	0.0008683944	99	NA	NA
"SCarar"	"campo_medio"	0.0359928114764424	26	2034	2034	NA	NA	99	4.11901630310619	0.999459276708646
"SCarar"	"0.99"	0.0359928114764424	26	2034	2034	0.568884137940713	0.0007575396	100	NA	NA
"SCilho"	"0.25"	0.899939351991448	135	1169	1169	5.34805476282358	0.01191765	100	NA	NA
"SCilho"	"0.5"	0.899939351991448	135	1169	1169	3.0512162520905	0.01602895	100	NA	NA
"SCilho"	"0.55"	0.899939351991448	135	1169	1169	2.77986249258636	0.01589957	99	NA	NA
"SCilho"	"0.6"	0.899939351991448	135	1169	1169	2.53562249507005	0.01537911	100	NA	NA
"SCilho"	"0.65"	0.899939351991448	135	1169	1169	2.30700913881316	0.01510218	100	NA	NA
"SCilho"	"0.7"	0.899939351991448	135	1169	1169	2.08783716974157	0.01832925	100	NA	NA
"SCilho"	"0.75"	0.899939351991448	135	1169	1169	1.88896792232898	0.0182402	100	NA	NA
"SCilho"	"0.8"	0.899939351991448	135	1169	1169	1.70767333752173	0.01762491	99	NA	NA
"SCilho"	"0.85"	0.899939351991448	135	1169	1169	1.50724076165242	0.01871349	100	NA	NA
"SCilho"	"0.9"	0.899939351991448	135	1169	1169	1.31195892727497	0.01792977	98	NA	NA
"SCilho"	"0.95"	0.899939351991448	135	1169	1169	1.06244544002679	0.01787028	100	NA	NA
"SCilho"	"0.99"	0.899939351991448	135	1169	1169	0.750287782885573	0.01822387	99	NA	NA
"SCilho"	"campo_medio"	0.899939351991448	135	1169	1169	NA	NA	100	48.9119685196875	0.403194896663976
"SCilho2"	"0.25"	0.884932951426624	157	1738	1738	4.37734621986676	0.010169873	95	NA	NA
"SCilho2"	"0.5"	0.884932951426624	157	1738	1738	2.49937941294373	0.01113983	92	NA	NA
"SCilho2"	"0.55"	0.884932951426624	157	1738	1738	2.28617601608783	0.0118023	98	NA	NA
"SCilho2"	"0.6"	0.884932951426624	157	1738	1738	2.07455157555295	0.01353479	96	NA	NA
"SCilho2"	"0.65"	0.884932951426624	157	1738	1738	1.89589929706169	0.01308932	96	NA	NA
"SCilho2"	"0.7"	0.884932951426624	157	1738	1738	1.7231684699432	0.01294228	92	NA	NA
"SCilho2"	"0.75"	0.884932951426624	157	1738	1738	1.55288248991847	0.01332792	100	NA	NA
"SCilho2"	"0.8"	0.884932951426624	157	1738	1738	1.40137205605403	0.01320802	94	NA	NA
"SCilho2"	"0.85"	0.884932951426624	157	1738	1738	1.23773305758242	0.01325207	96	NA	NA
"SCilho2"	"0.9"	0.884932951426624	157	1738	1738	1.06909042378333	0.01332311	96	NA	NA
"SCilho2"	"0.95"	0.884932951426624	157	1738	1738	0.873695467054872	0.0128411	96	NA	NA
"SCilho2"	"0.99"	0.884932951426624	157	1738	1738	0.621503546203606	0.006791216	96	NA	NA
"SCilho2"	"campo_medio"	0.884932951426624	157	1738	1738	NA	NA	98	46.9771021412293	0.553346127058418
"SCorle"	"0.25"	0.528689726683852	112	1938	1938	4.1778955784348	0.009334094	78	NA	NA
"SCorle"	"0.5"	0.528689726683852	112	1938	1938	2.3840071098809	0.008377716	98	NA	NA
"SCorle"	"0.55"	0.528689726683852	112	1938	1938	2.16768421212656	0.008396454	98	NA	NA
"SCorle"	"0.6"	0.528689726683852	112	1938	1938	1.96886686505286	0.006573254	100	NA	NA
"SCorle"	"0.65"	0.528689726683852	112	1938	1938	1.79376547129871	0.006437158	99	NA	NA
"SCorle"	"0.7"	0.528689726683852	112	1938	1938	1.62815411801372	0.00629756	94	NA	NA
"SCorle"	"0.75"	0.528689726683852	112	1938	1938	1.4763318400913	0.00663201	100	NA	NA
"SCorle"	"0.8"	0.528689726683852	112	1938	1938	1.32204227389215	0.006497942	99	NA	NA
"SCorle"	"0.85"	0.528689726683852	112	1938	1938	1.17261846322206	0.006578207	100	NA	NA
"SCorle"	"0.9"	0.528689726683852	112	1938	1938	1.0100425343939	0.006720157	99	NA	NA
"SCorle"	"0.95"	0.528689726683852	112	1938	1938	0.824306481251112	0.006601597	100	NA	NA
"SCorle"	"0.99"	0.528689726683852	112	1938	1938	0.579978743392544	0.004504101	100	NA	NA
"SCorle"	"campo_medio"	0.528689726683852	112	1938	1938	NA	NA	100	28.0469009002999	0.592571428747568
"SCside"	"0.25"	0.72254784514244	105	1712	1712	4.44237508148162	0.005085163	17	NA	NA
"SCside"	"0.5"	0.72254784514244	105	1712	1712	2.53165810180567	0.006554317	14	NA	NA
"SCside"	"0.55"	0.72254784514244	105	1712	1712	2.29132707082584	0.006623812	18	NA	NA
"SCside"	"0.6"	0.72254784514244	105	1712	1712	2.10266665858612	0.007933046	12	NA	NA
"SCside"	"0.65"	0.72254784514244	105	1712	1712	1.90848909679865	0.006674724	13	NA	NA
"SCside"	"0.7"	0.72254784514244	105	1712	1712	1.72648983720997	0.006816868	13	NA	NA
"SCside"	"0.75"	0.72254784514244	105	1712	1712	1.56381706843986	0.007201456	13	NA	NA
"SCside"	"0.8"	0.72254784514244	105	1712	1712	1.40973569721343	0.007070241	12	NA	NA
"SCside"	"0.85"	0.72254784514244	105	1712	1712	1.24433390658818	0.007101312	16	NA	NA
"SCside"	"0.9"	0.72254784514244	105	1712	1712	1.0831942179158	0.007296642	15	NA	NA
"SCside"	"0.95"	0.72254784514244	105	1712	1712	0.883221767090885	0.007336996	15	NA	NA
"SCside"	"0.99"	0.72254784514244	105	1712	1712	0.624384279637348	0.004107718	24	NA	NA
"SCside"	"campo_medio"	0.72254784514244	105	1712	1712	NA	NA	46	26.2284996144733	0.667715690659908
"SCside1"	"0.25"	0.680355725623583	111	1413	1413	4.91392575925803	0.009014385	100	NA	NA
"SCside1"	"0.5"	0.680355725623583	111	1413	1413	2.77485189471357	0.00942209	99	NA	NA
"SCside1"	"0.55"	0.680355725623583	111	1413	1413	2.517902622907	0.008912961	99	NA	NA
"SCside1"	"0.6"	0.680355725623583	111	1413	1413	2.30171607947716	0.009134513	100	NA	NA
"SCside1"	"0.65"	0.680355725623583	111	1413	1413	2.10525473951362	0.009767009	98	NA	NA
"SCside1"	"0.7"	0.680355725623583	111	1413	1413	1.91194308380643	0.009906247	99	NA	NA
"SCside1"	"0.75"	0.680355725623583	111	1413	1413	1.72705984347416	0.010806632	100	NA	NA
"SCside1"	"0.8"	0.680355725623583	111	1413	1413	1.54927433713155	0.010351188	100	NA	NA
"SCside1"	"0.85"	0.680355725623583	111	1413	1413	1.36752821986198	0.010627862	100	NA	NA
"SCside1"	"0.9"	0.680355725623583	111	1413	1413	1.18901651970444	0.010379005	97	NA	NA
"SCside1"	"0.95"	0.680355725623583	111	1413	1413	0.972121872303367	0.010515102	99	NA	NA
"SCside1"	"0.99"	0.680355725623583	111	1413	1413	0.687950998494161	0.006467129	100	NA	NA
"SCside1"	"campo_medio"	0.680355725623583	111	1413	1413	NA	NA	100	28.0681953871426	0.99750345274114
"SCside4"	"0.25"	0.535403772264882	98	1421	1421	4.88030578038216	0.01204986	82	NA	NA
"SCside4"	"0.5"	0.535403772264882	98	1421	1421	2.78141821254102	0.01035346	95	NA	NA
"SCside4"	"0.55"	0.535403772264882	98	1421	1421	2.52396211602844	0.0105414	95	NA	NA
"SCside4"	"0.6"	0.535403772264882	98	1421	1421	2.30020943077594	0.01067253	95	NA	NA
"SCside4"	"0.65"	0.535403772264882	98	1421	1421	2.09832054948715	0.009271404	79	NA	NA
"SCside4"	"0.7"	0.535403772264882	98	1421	1421	1.90354273360798	0.009156923	80	NA	NA
"SCside4"	"0.75"	0.535403772264882	98	1421	1421	1.7125232232447	0.008196941	69	NA	NA
"SCside4"	"0.8"	0.535403772264882	98	1421	1421	1.54815298393092	0.00835923	71	NA	NA
"SCside4"	"0.85"	0.535403772264882	98	1421	1421	1.37124850176278	0.00844685	65	NA	NA
"SCside4"	"0.9"	0.535403772264882	98	1421	1421	1.1775137563152	0.008823686	71	NA	NA
"SCside4"	"0.95"	0.535403772264882	98	1421	1421	0.964634170273162	0.008644242	80	NA	NA
"SCside4"	"0.99"	0.535403772264882	98	1421	1421	0.67371310635139	0.004691615	86	NA	NA
"SCside4"	"campo_medio"	0.535403772264882	98	1421	1421	NA	NA	81	26.7912234688913	0.508825140605135
"SCtimbe1"	"0.25"	0.915684800663396	142	3148	3148	3.27292420747023	0.004353878	97	NA	NA
"SCtimbe1"	"0.5"	0.915684800663396	142	3148	3148	1.86814499283454	0.004884964	100	NA	NA
"SCtimbe1"	"0.55"	0.915684800663396	142	3148	3148	1.70204941873875	0.005095834	99	NA	NA
"SCtimbe1"	"0.6"	0.915684800663396	142	3148	3148	1.53962230400342	0.004955375	98	NA	NA
"SCtimbe1"	"0.65"	0.915684800663396	142	3148	3148	1.40184125517859	0.004742373	98	NA	NA
"SCtimbe1"	"0.7"	0.915684800663396	142	3148	3148	1.27904494130369	0.004829836	99	NA	NA
"SCtimbe1"	"0.75"	0.915684800663396	142	3148	3148	1.160951387524	0.004700748	99	NA	NA
"SCtimbe1"	"0.8"	0.915684800663396	142	3148	3148	1.04396757088628	0.004784351	100	NA	NA
"SCtimbe1"	"0.85"	0.915684800663396	142	3148	3148	0.915390844848109	0.004902114	100	NA	NA
"SCtimbe1"	"0.9"	0.915684800663396	142	3148	3148	0.793392115642005	0.004806433	100	NA	NA
"SCtimbe1"	"0.95"	0.915684800663396	142	3148	3148	0.649728327727248	0.002582997	97	NA	NA
"SCtimbe1"	"0.99"	0.915684800663396	142	3148	3148	0.459174433233104	0.002571858	98	NA	NA
"SCtimbe1"	"campo_medio"	0.915684800663396	142	3148	3148	NA	NA	100	33.9997394657199	0.487348914243255
"SCvolta1"	"0.25"	0.975721531216037	52	1658	1658	4.49657721690276	0.002232306	95	NA	NA
"SCvolta1"	"0.5"	0.975721531216037	52	1658	1658	2.57074631103856	0.002063468	89	NA	NA
"SCvolta1"	"0.55"	0.975721531216037	52	1658	1658	2.34212108668055	0.002131052	84	NA	NA
"SCvolta1"	"0.6"	0.975721531216037	52	1658	1658	2.13438507505755	0.002170195	85	NA	NA
"SCvolta1"	"0.65"	0.975721531216037	52	1658	1658	1.93414415883442	0.00188045	72	NA	NA
"SCvolta1"	"0.7"	0.975721531216037	52	1658	1658	1.75314745511106	0.001899493	64	NA	NA
"SCvolta1"	"0.75"	0.975721531216037	52	1658	1658	1.58538553326805	0.002042597	75	NA	NA
"SCvolta1"	"0.8"	0.975721531216037	52	1658	1658	1.43595759615925	0.002076502	72	NA	NA
"SCvolta1"	"0.85"	0.975721531216037	52	1658	1658	1.25982424695477	0.002112363	67	NA	NA
"SCvolta1"	"0.9"	0.975721531216037	52	1658	1658	1.09072949710822	0.001985295	71	NA	NA
"SCvolta1"	"0.95"	0.975721531216037	52	1658	1658	0.889362790681548	0.001971772	77	NA	NA
"SCvolta1"	"campo_medio"	0.975721531216037	52	1658	1658	NA	NA	100	10.0755790878629	0.999949861641284
"SCvolta1"	"0.99"	0.975721531216037	52	1658	1658	0.633794486145316	0.001306295	81	NA	NA
"SCvolta2"	"0.25"	0.916842703142202	78	2059	2059	4.05191005099357	0.00243445	100	NA	NA
"SCvolta2"	"0.5"	0.916842703142202	78	2059	2059	2.31598710895884	0.002509162	99	NA	NA
"SCvolta2"	"0.55"	0.916842703142202	78	2059	2059	2.11495766857543	0.003315466	100	NA	NA
"SCvolta2"	"0.6"	0.916842703142202	78	2059	2059	1.91288632237553	0.00321888	99	NA	NA
"SCvolta2"	"0.65"	0.916842703142202	78	2059	2059	1.73267754774093	0.003174872	100	NA	NA
"SCvolta2"	"0.7"	0.916842703142202	78	2059	2059	1.58182098910692	0.003089931	99	NA	NA
"SCvolta2"	"0.75"	0.916842703142202	78	2059	2059	1.42540347420917	0.003225921	99	NA	NA
"SCvolta2"	"0.8"	0.916842703142202	78	2059	2059	1.27807366451992	0.003183041	99	NA	NA
"SCvolta2"	"0.85"	0.916842703142202	78	2059	2059	1.13631523866479	0.003118548	99	NA	NA
"SCvolta2"	"0.9"	0.916842703142202	78	2059	2059	0.981236367232596	0.003198321	100	NA	NA
"SCvolta2"	"0.95"	0.916842703142202	78	2059	2059	0.801327422400378	0.003099924	100	NA	NA
"SCvolta2"	"0.99"	0.916842703142202	78	2059	2059	0.559972663383623	0.001793548	100	NA	NA
"SCvolta2"	"campo_medio"	0.916842703142202	78	2059	2059	NA	NA	99	19.6147835218911	0.272995919889126
"SPcamp1"	"0.25"	0.103320559326545	108	1076	1076	5.60114342319932	0.01283899	100	NA	NA
"SPcamp1"	"0.5"	0.103320559326545	108	1076	1076	3.19633182759675	0.012995	99	NA	NA
"SPcamp1"	"0.55"	0.103320559326545	108	1076	1076	2.90266244416162	0.01275395	93	NA	NA
"SPcamp1"	"0.6"	0.103320559326545	108	1076	1076	2.64624648920106	0.01263015	97	NA	NA
"SPcamp1"	"0.65"	0.103320559326545	108	1076	1076	2.40380676247422	0.01275305	98	NA	NA
"SPcamp1"	"0.7"	0.103320559326545	108	1076	1076	2.18875789529636	0.01280629	94	NA	NA
"SPcamp1"	"0.75"	0.103320559326545	108	1076	1076	1.97605288558796	0.01427157	90	NA	NA
"SPcamp1"	"0.8"	0.103320559326545	108	1076	1076	1.77217485994966	0.01348278	90	NA	NA
"SPcamp1"	"0.85"	0.103320559326545	108	1076	1076	1.57482112802134	0.01422557	92	NA	NA
"SPcamp1"	"0.9"	0.103320559326545	108	1076	1076	1.3580931451149	0.0140427	94	NA	NA
"SPcamp1"	"0.95"	0.103320559326545	108	1076	1076	1.10095002854657	0.01395962	83	NA	NA
"SPcamp1"	"0.99"	0.103320559326545	108	1076	1076	0.788074118970804	0.01377414	93	NA	NA
"SPcamp1"	"campo_medio"	0.103320559326545	108	1076	1076	NA	NA	99	29.7352174243846	0.994485980653964
"SPcara1"	"0.25"	0.850156308651023	171	2127	2127	3.9572052931238	0.00866653	97	NA	NA
"SPcara1"	"0.5"	0.850156308651023	171	2127	2127	2.27168150618817	0.01086038	92	NA	NA
"SPcara1"	"0.55"	0.850156308651023	171	2127	2127	2.06486689350292	0.01110387	97	NA	NA
"SPcara1"	"0.6"	0.850156308651023	171	2127	2127	1.87988839322893	0.01140566	97	NA	NA
"SPcara1"	"0.65"	0.850156308651023	171	2127	2127	1.70938395323646	0.01139208	95	NA	NA
"SPcara1"	"0.7"	0.850156308651023	171	2127	2127	1.55109644535729	0.01137543	98	NA	NA
"SPcara1"	"0.75"	0.850156308651023	171	2127	2127	1.41040924372538	0.0112569	96	NA	NA
"SPcara1"	"0.8"	0.850156308651023	171	2127	2127	1.25986860551863	0.0111023	97	NA	NA
"SPcara1"	"0.85"	0.850156308651023	171	2127	2127	1.11618411983674	0.01123209	96	NA	NA
"SPcara1"	"0.9"	0.850156308651023	171	2127	2127	0.967933865050504	0.01130252	96	NA	NA
"SPcara1"	"0.95"	0.850156308651023	171	2127	2127	0.782898206558097	0.01118108	98	NA	NA
"SPcara1"	"0.99"	0.850156308651023	171	2127	2127	0.557962749351442	0.005920375	100	NA	NA
"SPcara1"	"campo_medio"	0.850156308651023	171	2127	2127	NA	NA	100	59.6034865071186	0.250407253556337
"SPcara3"	"0.25"	0.773104012947153	130	1674	1674	4.47485421962077	0.008310683	95	NA	NA
"SPcara3"	"0.5"	0.773104012947153	130	1674	1674	2.5623204317586	0.01073092	97	NA	NA
"SPcara3"	"0.55"	0.773104012947153	130	1674	1674	2.32629360582245	0.009825725	99	NA	NA
"SPcara3"	"0.6"	0.773104012947153	130	1674	1674	2.12038563058897	0.0104456	99	NA	NA
"SPcara3"	"0.65"	0.773104012947153	130	1674	1674	1.92324775967126	0.010122694	100	NA	NA
"SPcara3"	"0.7"	0.773104012947153	130	1674	1674	1.75230370193959	0.010354374	99	NA	NA
"SPcara3"	"0.75"	0.773104012947153	130	1674	1674	1.58408367616449	0.010608038	100	NA	NA
"SPcara3"	"0.8"	0.773104012947153	130	1674	1674	1.42693684390859	0.010110226	100	NA	NA
"SPcara3"	"0.85"	0.773104012947153	130	1674	1674	1.2615447882899	0.010438621	99	NA	NA
"SPcara3"	"0.9"	0.773104012947153	130	1674	1674	1.0944235000552	0.010156551	100	NA	NA
"SPcara3"	"0.95"	0.773104012947153	130	1674	1674	0.8881619653086	0.010206642	100	NA	NA
"SPcara3"	"0.99"	0.773104012947153	130	1674	1674	0.628572270312534	0.007474573	70	NA	NA
"SPcara3"	"campo_medio"	0.773104012947153	130	1674	1674	NA	NA	100	49.4783768449023	0.180189242078298
"SPeec1"	"0.25"	0.743179321289062	144	1182.12890625	12105	5.3418677195714	0.001591166	67	NA	NA
"SPeec1"	"0.5"	0.743179321289062	144	1182.12890625	12105	3.04848255398812	0.001291245	100	NA	NA
"SPeec1"	"0.55"	0.743179321289062	144	1182.12890625	12105	2.77262542550963	0.00130445	100	NA	NA
"SPeec1"	"0.6"	0.743179321289062	144	1182.12890625	12105	2.51596082203707	0.001317004	100	NA	NA
"SPeec1"	"0.65"	0.743179321289062	144	1182.12890625	12105	2.29904599426023	0.00129327	100	NA	NA
"SPeec1"	"0.7"	0.743179321289062	144	1182.12890625	12105	2.07343837183475	0.0008933252	14	NA	NA
"SPeec1"	"0.75"	0.743179321289062	144	1182.12890625	12105	1.88389151238523	0.000855053	11	NA	NA
"SPeec1"	"campo_medio"	0.743179321289062	144	1182.12890625	12105	NA	NA	80	23.1318370382402	0.859029545090356
"SPeec1"	"0.8"	0.743179321289062	144	1182.12890625	12105	1.69625801012553	0.0008550314	14	NA	NA
"SPeec1"	"0.85"	0.743179321289062	144	1182.12890625	12105	1.50596090745682	0.0008677621	15	NA	NA
"SPeec1"	"0.9"	0.743179321289062	144	1182.12890625	12105	1.29498099771987	0.0008616916	15	NA	NA
"SPeec1"	"0.95"	0.743179321289062	144	1182.12890625	12105	1.05437777336387	0.000857101	12	NA	NA
"SPeec1"	"0.99"	0.743179321289062	144	1182.12890625	12105	0.748548039179908	0.0008657749	11	NA	NA
"SPeec4"	"0.25"	0.37843888158286	84	1212	1212	5.23610414777409	0.004366129	100	NA	NA
"SPeec4"	"0.5"	0.37843888158286	84	1212	1212	3.02456762030075	0.006505393	98	NA	NA
"SPeec4"	"0.55"	0.37843888158286	84	1212	1212	2.73203695932776	0.006069594	98	NA	NA
"SPeec4"	"0.6"	0.37843888158286	84	1212	1212	2.49082592076935	0.006321597	98	NA	NA
"SPeec4"	"0.65"	0.37843888158286	84	1212	1212	2.27835930991133	0.006098506	98	NA	NA
"SPeec4"	"0.7"	0.37843888158286	84	1212	1212	2.06758529629631	0.007103197	94	NA	NA
"SPeec4"	"0.75"	0.37843888158286	84	1212	1212	1.86962011982039	0.007922075	97	NA	NA
"SPeec4"	"0.8"	0.37843888158286	84	1212	1212	1.66783037526221	0.00774731	99	NA	NA
"SPeec4"	"0.85"	0.37843888158286	84	1212	1212	1.47959306580207	0.007663159	98	NA	NA
"SPeec4"	"0.9"	0.37843888158286	84	1212	1212	1.27733370641118	0.007541952	100	NA	NA
"SPeec4"	"0.95"	0.37843888158286	84	1212	1212	1.04116527989531	0.007287138	97	NA	NA
"SPeec4"	"0.99"	0.37843888158286	84	1212	1212	0.740494483844389	0.007413727	95	NA	NA
"SPeec4"	"campo_medio"	0.37843888158286	84	1212	1212	NA	NA	100	21.7948884299989	0.670781859120754
"SPeec5"	"0.25"	0.67888901166382	74	1107	1107	5.51066281907893	0.004184022	49	NA	NA
"SPeec5"	"0.5"	0.67888901166382	74	1107	1107	3.13012900636451	0.005890595	17	NA	NA
"SPeec5"	"0.55"	0.67888901166382	74	1107	1107	2.85591327962072	0.00546771	21	NA	NA
"SPeec5"	"0.6"	0.67888901166382	74	1107	1107	2.60548041546793	0.005718263	29	NA	NA
"SPeec5"	"0.65"	0.67888901166382	74	1107	1107	2.36695117513666	0.005225188	13	NA	NA
"SPeec5"	"0.7"	0.67888901166382	74	1107	1107	2.16181537235514	0.005662661	22	NA	NA
"SPeec5"	"0.75"	0.67888901166382	74	1107	1107	1.94024350033874	0.006943587	12	NA	NA
"SPeec5"	"0.8"	0.67888901166382	74	1107	1107	1.74433964321464	0.006771408	20	NA	NA
"SPeec5"	"0.85"	0.67888901166382	74	1107	1107	1.5486483583437	0.00706309	15	NA	NA
"SPeec5"	"0.9"	0.67888901166382	74	1107	1107	1.34263507701818	0.006987031	19	NA	NA
"SPeec5"	"0.95"	0.67888901166382	74	1107	1107	1.09827839281836	0.006878522	18	NA	NA
"SPeec5"	"0.99"	0.67888901166382	74	1107	1107	0.769472486492279	0.006817723	8	NA	NA
"SPeec5"	"campo_medio"	0.67888901166382	74	1107	1107	NA	NA	52	17.7281640600172	0.998935494484375
"SPpecb1"	"0.25"	0.992253133238622	221	1123.73046875	11507	5.48674503252198	0.002194278	0	NA	NA
"SPpecb1"	"0.5"	0.992253133238622	221	1123.73046875	11507	3.11532468550981	0.001915022	57	NA	NA
"SPpecb1"	"0.55"	0.992253133238622	221	1123.73046875	11507	2.84586089923284	0.001990502	54	NA	NA
"SPpecb1"	"0.6"	0.992253133238622	221	1123.73046875	11507	2.5740653696252	0.00195811	57	NA	NA
"SPpecb1"	"0.65"	0.992253133238622	221	1123.73046875	11507	2.35604508459613	0.001926772	54	NA	NA
"SPpecb1"	"0.7"	0.992253133238622	221	1123.73046875	11507	2.1332175875221	0.001961096	66	NA	NA
"SPpecb1"	"0.75"	0.992253133238622	221	1123.73046875	11507	1.94008324745082	0.001796966	99	NA	NA
"SPpecb1"	"0.8"	0.992253133238622	221	1123.73046875	11507	1.74020941651614	0.00174385	94	NA	NA
"SPpecb1"	"0.85"	0.992253133238622	221	1123.73046875	11507	1.53847770517352	0.001783974	94	NA	NA
"SPpecb1"	"0.9"	0.992253133238622	221	1123.73046875	11507	1.33135524668853	0.001799833	98	NA	NA
"SPpecb1"	"0.95"	0.992253133238622	221	1123.73046875	11507	1.08240932191795	0.001740116	97	NA	NA
"SPpecb1"	"0.99"	0.992253133238622	221	1123.73046875	11507	0.769805424744612	0.001775266	98	NA	NA
"SPpecb1"	"campo_medio"	0.992253133238622	221	1123.73046875	11507	NA	NA	100	59.0473264105952	0.0758432290970417
"SPpei1"	"0.25"	0.969241860061788	165	1545.45454545455	3060	4.65669968503902	0.006483188	100	NA	NA
"SPpei1"	"0.5"	0.969241860061788	165	1545.45454545455	3060	2.65390464690351	0.006577866	99	NA	NA
"SPpei1"	"0.55"	0.969241860061788	165	1545.45454545455	3060	2.4293617687463	0.006387466	99	NA	NA
"SPpei1"	"0.6"	0.969241860061788	165	1545.45454545455	3060	2.19863653001663	0.006494012	97	NA	NA
"SPpei1"	"0.65"	0.969241860061788	165	1545.45454545455	3060	2.00866260839883	0.006889882	95	NA	NA
"SPpei1"	"0.7"	0.969241860061788	165	1545.45454545455	3060	1.82726154893319	0.006498292	96	NA	NA
"SPpei1"	"0.75"	0.969241860061788	165	1545.45454545455	3060	1.64295146144398	0.006554207	98	NA	NA
"SPpei1"	"0.8"	0.969241860061788	165	1545.45454545455	3060	1.48001932616321	0.006746994	94	NA	NA
"SPpei1"	"0.85"	0.969241860061788	165	1545.45454545455	3060	1.31649503643279	0.006445226	94	NA	NA
"SPpei1"	"0.9"	0.969241860061788	165	1545.45454545455	3060	1.13296971841217	0.006498596	91	NA	NA
"SPpei1"	"campo_medio"	0.969241860061788	165	1545.45454545455	3060	NA	NA	100	37.1385653360636	0.998895675320428
"SPpei1"	"0.95"	0.969241860061788	165	1545.45454545455	3060	0.928637694396814	0.006428033	94	NA	NA
"SPpei1"	"0.99"	0.969241860061788	165	1545.45454545455	3060	0.658813526217783	0.003542181	96	NA	NA
"SPpesm6"	"0.25"	0.629775694761977	87	1891	1891	4.23858837918348	0.008765196	97	NA	NA
"SPpesm6"	"0.5"	0.629775694761977	87	1891	1891	2.40691976531626	0.00744669	100	NA	NA
"SPpesm6"	"0.55"	0.629775694761977	87	1891	1891	2.19471617721131	0.007140676	100	NA	NA
"SPpesm6"	"0.6"	0.629775694761977	87	1891	1891	1.99737446398328	0.004276242	87	NA	NA
"SPpesm6"	"0.65"	0.629775694761977	87	1891	1891	1.8137878205328	0.004649474	86	NA	NA
"SPpesm6"	"0.7"	0.629775694761977	87	1891	1891	1.64534435335272	0.004584132	89	NA	NA
"SPpesm6"	"0.75"	0.629775694761977	87	1891	1891	1.49224847796486	0.004578112	92	NA	NA
"SPpesm6"	"0.8"	0.629775694761977	87	1891	1891	1.3369553531359	0.004817252	94	NA	NA
"SPpesm6"	"0.85"	0.629775694761977	87	1891	1891	1.18487508765303	0.004626657	94	NA	NA
"SPpesm6"	"0.9"	0.629775694761977	87	1891	1891	1.02828786007731	0.004847725	95	NA	NA
"SPpesm6"	"0.95"	0.629775694761977	87	1891	1891	0.839803915070296	0.004784842	95	NA	NA
"SPpesm6"	"campo_medio"	0.629775694761977	87	1891	1891	NA	NA	100	18.6767414830457	0.999751763890161
"SPpesm6"	"0.99"	0.629775694761977	87	1891	1891	0.592258686150783	0.002200528	90	NA	NA
"SPpesmA"	"0.25"	0.658259844116084	84	1670	1670	4.49025786390143	0.006837099	98	NA	NA
"SPpesmA"	"0.5"	0.658259844116084	84	1670	1670	2.55614244894601	0.00582365	100	NA	NA
"SPpesmA"	"0.55"	0.658259844116084	84	1670	1670	2.33478686759924	0.00592127	100	NA	NA
"SPpesmA"	"0.6"	0.658259844116084	84	1670	1670	2.1092287760927	0.00484858	92	NA	NA
"SPpesmA"	"0.65"	0.658259844116084	84	1670	1670	1.92831131923922	0.004921382	94	NA	NA
"SPpesmA"	"0.7"	0.658259844116084	84	1670	1670	1.75349448000196	0.005381666	95	NA	NA
"SPpesmA"	"0.75"	0.658259844116084	84	1670	1670	1.58516879017863	0.005204072	97	NA	NA
"SPpesmA"	"0.8"	0.658259844116084	84	1670	1670	1.42597041135519	0.005027391	93	NA	NA
"SPpesmA"	"0.85"	0.658259844116084	84	1670	1670	1.25646217472965	0.004942677	90	NA	NA
"SPpesmA"	"0.9"	0.658259844116084	84	1670	1670	1.09484454639902	0.004875692	90	NA	NA
"SPpesmA"	"0.95"	0.658259844116084	84	1670	1670	0.889220666034474	0.004823614	91	NA	NA
"SPpesmA"	"campo_medio"	0.658259844116084	84	1670	1670	NA	NA	100	18.5040688282696	0.999728348962551
"SPpesmA"	"0.99"	0.658259844116084	84	1670	1670	0.628800492933871	0.002862707	100	NA	NA
"SPpesmB"	"0.25"	0.978518078724858	132	1076	1076	5.59520628583008	0.01106526	87	NA	NA
"SPpesmB"	"0.5"	0.978518078724858	132	1076	1076	3.17690504721964	0.01768734	92	NA	NA
"SPpesmB"	"0.55"	0.978518078724858	132	1076	1076	2.88436345104293	0.01774002	94	NA	NA
"SPpesmB"	"0.6"	0.978518078724858	132	1076	1076	2.6394425185756	0.01798834	93	NA	NA
"SPpesmB"	"0.65"	0.978518078724858	132	1076	1076	2.41521929123228	0.01783027	94	NA	NA
"SPpesmB"	"0.7"	0.978518078724858	132	1076	1076	2.18890322197594	0.0175555	91	NA	NA
"SPpesmB"	"0.75"	0.978518078724858	132	1076	1076	1.98631973919875	0.02007696	90	NA	NA
"SPpesmB"	"0.8"	0.978518078724858	132	1076	1076	1.77019625747861	0.02006272	85	NA	NA
"SPpesmB"	"0.85"	0.978518078724858	132	1076	1076	1.57958880442274	0.01999994	83	NA	NA
"SPpesmB"	"0.9"	0.978518078724858	132	1076	1076	1.35905175718737	0.0202128	86	NA	NA
"SPpesmB"	"0.95"	0.978518078724858	132	1076	1076	1.11243472197322	0.02068581	91	NA	NA
"SPpesmB"	"0.99"	0.978518078724858	132	1076	1076	0.778920402793666	0.02028502	85	NA	NA
"SPpesmB"	"campo_medio"	0.978518078724858	132	1076	1076	NA	NA	95	39.2727630010273	0.999921293609151
"SPpesmC"	"0.25"	0.983950458881778	107	1061	1061	5.66054720238892	0.007368358	100	NA	NA
"SPpesmC"	"0.5"	0.983950458881778	107	1061	1061	3.19808568002036	0.01191787	99	NA	NA
"SPpesmC"	"0.55"	0.983950458881778	107	1061	1061	2.91083665546305	0.01216504	100	NA	NA
"SPpesmC"	"0.6"	0.983950458881778	107	1061	1061	2.65386676529529	0.01158334	100	NA	NA
"SPpesmC"	"0.65"	0.983950458881778	107	1061	1061	2.41728995396509	0.0121323	100	NA	NA
"SPpesmC"	"0.7"	0.983950458881778	107	1061	1061	2.19914579013805	0.01212789	100	NA	NA
"SPpesmC"	"0.75"	0.983950458881778	107	1061	1061	1.98930252891227	0.01407423	100	NA	NA
"SPpesmC"	"0.8"	0.983950458881778	107	1061	1061	1.79142935139994	0.01400994	100	NA	NA
"SPpesmC"	"0.85"	0.983950458881778	107	1061	1061	1.58256668008993	0.01312389	99	NA	NA
"SPpesmC"	"0.9"	0.983950458881778	107	1061	1061	1.37109265987856	0.01368892	99	NA	NA
"SPpesmC"	"0.95"	0.983950458881778	107	1061	1061	1.11980148187738	0.01366978	100	NA	NA
"SPpesmC"	"0.99"	0.983950458881778	107	1061	1061	0.795033799412713	0.01362067	99	NA	NA
"SPpesmC"	"campo_medio"	0.983950458881778	107	1061	1061	NA	NA	100	30.6692241905536	0.816349999078001
"SPpesmD"	"0.25"	0.988788711304557	148	1262	1262	5.15638761198032	0.01046919	32	NA	NA
"SPpesmD"	"0.5"	0.988788711304557	148	1262	1262	2.95479949392268	0.01712566	47	NA	NA
"SPpesmD"	"0.55"	0.988788711304557	148	1262	1262	2.68822346754717	0.0169147	40	NA	NA
"SPpesmD"	"0.6"	0.988788711304557	148	1262	1262	2.44506678164134	0.01645642	41	NA	NA
"SPpesmD"	"0.65"	0.988788711304557	148	1262	1262	2.22506048544249	0.01702524	45	NA	NA
"SPpesmD"	"0.7"	0.988788711304557	148	1262	1262	2.00903908513335	0.0201148	41	NA	NA
"SPpesmD"	"0.75"	0.988788711304557	148	1262	1262	1.8255296416377	0.01845577	36	NA	NA
"SPpesmD"	"0.8"	0.988788711304557	148	1262	1262	1.63730274218916	0.01884694	30	NA	NA
"SPpesmD"	"0.85"	0.988788711304557	148	1262	1262	1.44975388152613	0.0190421	43	NA	NA
"SPpesmD"	"0.9"	0.988788711304557	148	1262	1262	1.26248694551377	0.01941633	43	NA	NA
"SPpesmD"	"0.95"	0.988788711304557	148	1262	1262	1.02261221188417	0.01920788	34	NA	NA
"SPpesmD"	"0.99"	0.988788711304557	148	1262	1262	0.726535307107436	0.02018479	49	NA	NA
"SPpesmD"	"campo_medio"	0.988788711304557	148	1262	1262	NA	NA	82	43.282514923577	0.999829726265525
"SPpesmE"	"0.25"	0.994366533447583	138	1225	1225	5.22645013324252	0.009752718	98	NA	NA
"SPpesmE"	"0.5"	0.994366533447583	138	1225	1225	2.98624946112291	0.01670084	99	NA	NA
"SPpesmE"	"0.55"	0.994366533447583	138	1225	1225	2.71355939831803	0.01797758	100	NA	NA
"SPpesmE"	"0.6"	0.994366533447583	138	1225	1225	2.48356324922024	0.01586392	95	NA	NA
"SPpesmE"	"0.65"	0.994366533447583	138	1225	1225	2.24675378629635	0.0145447	98	NA	NA
"SPpesmE"	"0.7"	0.994366533447583	138	1225	1225	2.05506470294558	0.01679806	99	NA	NA
"SPpesmE"	"0.75"	0.994366533447583	138	1225	1225	1.85021333978389	0.01781102	99	NA	NA
"SPpesmE"	"0.8"	0.994366533447583	138	1225	1225	1.66356323708672	0.01722937	99	NA	NA
"SPpesmE"	"0.85"	0.994366533447583	138	1225	1225	1.47487819514668	0.01744058	98	NA	NA
"SPpesmE"	"0.9"	0.994366533447583	138	1225	1225	1.2728770272249	0.01787644	100	NA	NA
"SPpesmE"	"0.95"	0.994366533447583	138	1225	1225	1.03415969332424	0.01780794	99	NA	NA
"SPpesmE"	"0.99"	0.994366533447583	138	1225	1225	0.736177417195714	0.01705144	98	NA	NA
"SPpesmE"	"campo_medio"	0.994366533447583	138	1225	1225	NA	NA	100	40.0254097852359	0.97191611878334
"SPpesmF"	"0.25"	0.977848996135357	98	1360	1360	5.01400155838823	0.00521411	97	NA	NA
"SPpesmF"	"0.5"	0.977848996135357	98	1360	1360	2.84293853272046	0.00666059	89	NA	NA
"SPpesmF"	"0.55"	0.977848996135357	98	1360	1360	2.5704265860924	0.006515054	87	NA	NA
"SPpesmF"	"0.6"	0.977848996135357	98	1360	1360	2.34542803884403	0.006933401	86	NA	NA
"SPpesmF"	"0.65"	0.977848996135357	98	1360	1360	2.13081637209066	0.00698788	86	NA	NA
"SPpesmF"	"0.7"	0.977848996135357	98	1360	1360	1.94240025627363	0.008973686	89	NA	NA
"SPpesmF"	"0.75"	0.977848996135357	98	1360	1360	1.75541035911442	0.008107595	91	NA	NA
"SPpesmF"	"0.8"	0.977848996135357	98	1360	1360	1.58125322918735	0.007843122	85	NA	NA
"SPpesmF"	"0.85"	0.977848996135357	98	1360	1360	1.4014125644354	0.008203606	80	NA	NA
"SPpesmF"	"0.9"	0.977848996135357	98	1360	1360	1.2102398012521	0.008348991	84	NA	NA
"SPpesmF"	"0.95"	0.977848996135357	98	1360	1360	0.984859168936467	0.00806464	79	NA	NA
"SPpesmF"	"0.99"	0.977848996135357	98	1360	1360	0.692918193986426	0.004365439	83	NA	NA
"SPpesmF"	"campo_medio"	0.977848996135357	98	1360	1360	NA	NA	98	24.0768824160974	0.999949698558511
"SPpesmG"	"0.25"	0.998040177040466	148	1494	1494	4.72396767130353	0.01057078	85	NA	NA
"SPpesmG"	"0.5"	0.998040177040466	148	1494	1494	2.70083388563568	0.01289136	94	NA	NA
"SPpesmG"	"0.55"	0.998040177040466	148	1494	1494	2.458662031512	0.01323684	93	NA	NA
"SPpesmG"	"0.6"	0.998040177040466	148	1494	1494	2.25184743529331	0.01315256	94	NA	NA
"SPpesmG"	"0.65"	0.998040177040466	148	1494	1494	2.03878747033229	0.01518892	89	NA	NA
"SPpesmG"	"0.7"	0.998040177040466	148	1494	1494	1.84646039392201	0.01450379	87	NA	NA
"SPpesmG"	"0.75"	0.998040177040466	148	1494	1494	1.67408285650157	0.01453559	89	NA	NA
"SPpesmG"	"0.8"	0.998040177040466	148	1494	1494	1.51155068339553	0.01521563	86	NA	NA
"SPpesmG"	"0.85"	0.998040177040466	148	1494	1494	1.32949502245417	0.01473135	86	NA	NA
"SPpesmG"	"0.9"	0.998040177040466	148	1494	1494	1.153319826522	0.01496547	86	NA	NA
"SPpesmG"	"0.95"	0.998040177040466	148	1494	1494	0.938125311812164	0.01551239	87	NA	NA
"SPpesmG"	"campo_medio"	0.998040177040466	148	1494	1494	NA	NA	100	40.6360622007122	0.999611916995891
"SPpesmG"	"0.99"	0.998040177040466	148	1494	1494	0.66821158694542	0.007996659	84	NA	NA
"SPpesmI"	"0.25"	0.999741863075196	186	1963	1963	4.14173441767708	0.0113542	100	NA	NA
"SPpesmI"	"0.5"	0.999741863075196	186	1963	1963	2.36155059385408	0.0138893	100	NA	NA
"SPpesmI"	"0.55"	0.999741863075196	186	1963	1963	2.14578889211219	0.01301683	100	NA	NA
"SPpesmI"	"0.6"	0.999741863075196	186	1963	1963	1.95962983127527	0.01430787	98	NA	NA
"SPpesmI"	"0.65"	0.999741863075196	186	1963	1963	1.78387799118401	0.01472005	99	NA	NA
"SPpesmI"	"0.7"	0.999741863075196	186	1963	1963	1.62210946505954	0.01466292	100	NA	NA
"SPpesmI"	"0.75"	0.999741863075196	186	1963	1963	1.46331185895663	0.014594	100	NA	NA
"SPpesmI"	"0.8"	0.999741863075196	186	1963	1963	1.31359986818162	0.01490865	100	NA	NA
"SPpesmI"	"0.85"	0.999741863075196	186	1963	1963	1.15740210634224	0.01479775	100	NA	NA
"SPpesmI"	"0.9"	0.999741863075196	186	1963	1963	1.00018523500675	0.01495372	100	NA	NA
"SPpesmI"	"0.95"	0.999741863075196	186	1963	1963	0.826077989162181	0.01432514	96	NA	NA
"SPpesmI"	"0.99"	0.999741863075196	186	1963	1963	0.575730470383248	0.007840958	100	NA	NA
"SPpesmI"	"campo_medio"	0.999741863075196	186	1963	1963	NA	NA	98	53.8884290477479	0.697952553623247
"SPpesmJ"	"0.25"	0.999736929472974	187	1742	1742	4.39291224831302	0.01251166	100	NA	NA
"SPpesmJ"	"0.5"	0.999736929472974	187	1742	1742	2.50358123576137	0.01535225	100	NA	NA
"SPpesmJ"	"0.55"	0.999736929472974	187	1742	1742	2.27809264171667	0.01654502	100	NA	NA
"SPpesmJ"	"0.6"	0.999736929472974	187	1742	1742	2.06598942653569	0.01696747	100	NA	NA
"SPpesmJ"	"0.65"	0.999736929472974	187	1742	1742	1.87901990261744	0.01781273	99	NA	NA
"SPpesmJ"	"0.7"	0.999736929472974	187	1742	1742	1.71822325797493	0.01731717	100	NA	NA
"SPpesmJ"	"0.75"	0.999736929472974	187	1742	1742	1.55003834774603	0.01841908	98	NA	NA
"SPpesmJ"	"0.8"	0.999736929472974	187	1742	1742	1.40094489223801	0.01793925	100	NA	NA
"SPpesmJ"	"0.85"	0.999736929472974	187	1742	1742	1.23516646363318	0.01779657	100	NA	NA
"SPpesmJ"	"0.9"	0.999736929472974	187	1742	1742	1.06457371343196	0.01771393	100	NA	NA
"SPpesmJ"	"0.95"	0.999736929472974	187	1742	1742	0.877342343495172	0.01755597	100	NA	NA
"SPpesmJ"	"0.99"	0.999736929472974	187	1742	1742	0.619451306773612	0.009607395	100	NA	NA
"SPpesmJ"	"campo_medio"	0.999736929472974	187	1742	1742	NA	NA	100	62.4361123929899	0.476575718247326
"SPpesmK"	"0.25"	1	162	1796	1796	4.33676792055019	0.009604437	63	NA	NA
"SPpesmK"	"0.5"	1	162	1796	1796	2.4624642701503	0.01166035	74	NA	NA
"SPpesmK"	"0.55"	1	162	1796	1796	2.24336044896195	0.01229214	80	NA	NA
"SPpesmK"	"0.6"	1	162	1796	1796	2.03965359879446	0.01374134	71	NA	NA
"SPpesmK"	"0.65"	1	162	1796	1796	1.87468285604991	0.01367872	69	NA	NA
"SPpesmK"	"0.7"	1	162	1796	1796	1.69126470901904	0.01363743	67	NA	NA
"SPpesmK"	"0.75"	1	162	1796	1796	1.52565208606761	0.01305111	64	NA	NA
"SPpesmK"	"0.8"	1	162	1796	1796	1.36732866565973	0.01330371	72	NA	NA
"SPpesmK"	"0.85"	1	162	1796	1796	1.21463915495416	0.01340701	72	NA	NA
"SPpesmK"	"0.9"	1	162	1796	1796	1.04865442094733	0.01308287	65	NA	NA
"SPpesmK"	"0.95"	1	162	1796	1796	0.861861643926688	0.01343834	73	NA	NA
"SPpesmK"	"campo_medio"	1	162	1796	1796	NA	NA	92	43.027477193009	0.999965745164456
"SPpesmK"	"0.99"	1	162	1796	1796	0.603326414402815	0.007137206	73	NA	NA
